,movie_comment,movie_id,movie_score,movie_time,user_id
0,修复版惊艳，尤其看到对比，觉得这项工作真是太有意义。片尾名单：导演陈凯歌、摄影张艺谋、美术何群。,1291876,5,2018-04-15,zeajin
1,周浩老师送的DVD，看完半天不想说话，最感慨情节是一面是万人挽留市长，一面是一个小朋友急躁的抱怨他们干嘛堵着路呢？市长在车里落泪场景让人非常唏嘘。,26276498,5,2018-04-15,zeajin
2,修复版画面惊艳，但国语配音实在太差，尤其小孩子的声音，尖厉刺耳。影片本身在现在看来soso,1305085,4,2018-04-14,zeajin
3,,1295384,4,2018-04-08,zeajin
4,作为一个X战警粉丝，我从未错过一部，但面对我最爱的金刚狼，这部真的是拖了很久很久，自古美人如名将，不许人间见白头。,25765735,5,2018-04-06,zeajin
5,,21941804,4,2018-04-05,zeajin
6,,1300555,4,2018-04-04,zeajin
7,十八年前的吴彦祖和古天乐，还各种秀肌肉半裸。。。剧情什么的都没关系了。。,1308345,4,2018-03-31,zeajin
8,分开的时候，想过可能我们就此山水不相逢了吧，如果我再好一点，是不是会不一样？这或许就像动物世界里松鼠和长颈鹿注定是两条平行线，但人类社会是有无限种可能，看到那些说异地恋的，真的很不容易，前排表白贺军翔～不演霸道总裁改暖男了！又要深夜追剧的节奏咯～～,27114843,4,2018-03-30,zeajin
9,瑕瑜参半，更像是插画PPT而不是动画片，中间的一些表达和切换个人觉得没必要，也可能是我不够懂。,26954003,3,2018-03-30,zeajin
10,,27114417,2,2018-03-29,zeajin
11,,26765222,4,2018-03-28,zeajin
12,能相濡以沫，谁要相忘于江湖啊～因为提前看了一个背景纪录片，导演的诚意让人敬佩，但艺术这件事，真不是谁更勤奋谁更有诚意就一定能出好东西的。可还是感动的，感谢也敬佩这些一直努力的人。,26628329,3,2018-03-24,zeajin
13,第一部我就不喜欢，第二部更差，最好的表演竟然来自李宇春。另外，剪辑很差，很多镜头的衔接连我都能看出问题。,26575103,2,2018-03-23,zeajin
14,为什么要靠谁更能打来选国王？科技这么发达的国家全景看起来并不吸引人。最重要的是，一直强调的最美日落、非洲风景，真的没有拍的很美啊……,6390825,3,2018-03-23,zeajin
15,比2好看，核心意思表达很完整。只是基努里维斯感觉有点打不动了。,25798131,4,2018-03-22,zeajin
16,,26340419,5,2018-03-15,zeajin
17,本来可以更好的，很多应该出彩的情节都没拍出感觉来，真遗憾。,2133433,3,2018-03-14,zeajin
18,,27042405,5,2018-03-14,zeajin
19,怕,3604148,4,2018-03-11,zeajin
20,,26648284,4,2018-03-11,zeajin
21,应该叫“你惹错人了”,26333560,4,2018-03-11,zeajin
22,,2973079,4,2018-03-10,zeajin
23,,26662193,,2018-03-07,zeajin
24,不是波霸也不能一拳撂倒一个壮汉，反而有种意外的真实和亲切。青少版劳拉的成长，比预期要好些～,3445906,4,2018-03-07,zeajin
25,,26861685,4,2018-03-04,zeajin
26,我还在期待精灵王子发挥神箭手优势一枪一个呢，结果一出场连绳子都没抓住。。。anyway 这才是真正的现代战争片，不只有突突突，还有真实战争的不确定、残酷、沟通不畅、决策错误，更重要的是对战争的反思。,1291824,5,2018-02-27,zeajin
27,,3001077,4,2018-02-27,zeajin
28,,6517421,4,2018-02-27,zeajin
29,,4301181,4,2018-02-27,zeajin
30,,2998253,4,2018-02-27,zeajin
31,,1299247,4,2018-02-27,zeajin
32,,2131669,3,2018-02-27,zeajin
33,,24404677,4,2018-02-27,zeajin
34,,25824686,2,2018-02-27,zeajin
35,,25794212,3,2018-02-27,zeajin
36,,11443314,4,2018-02-27,zeajin
37,,3718424,4,2018-02-27,zeajin
38,,1293131,4,2018-02-27,zeajin
39,,1306737,4,2018-02-27,zeajin
40,,2159331,3,2018-02-27,zeajin
41,,11589036,5,2018-02-27,zeajin
42,,1305333,3,2018-02-27,zeajin
43,,6424814,4,2018-02-27,zeajin
44,,25786077,4,2018-02-27,zeajin
45,,25786060,5,2018-02-27,zeajin
46,,24840488,3,2018-02-27,zeajin
47,,1418190,4,2018-02-27,zeajin
48,,26309788,3,2018-02-27,zeajin
49,,6311303,4,2018-02-27,zeajin
50,当40万人无法回家 家 为你而来,26607693,5,2018-02-27,zeajin
51,,3217149,3,2018-02-27,zeajin
52,,3036478,4,2018-02-27,zeajin
53,,10727641,4,2018-02-27,zeajin
54,,6082518,4,2018-02-27,zeajin
55,,7046723,4,2018-02-27,zeajin
56,,2139553,3,2018-02-27,zeajin
57,,26260853,4,2018-02-27,zeajin
58,,3025375,4,2018-02-27,zeajin
59,,25726614,4,2018-02-27,zeajin
60,,6537500,4,2018-02-27,zeajin
61,,10047547,4,2018-02-27,zeajin
62,,2049435,4,2018-02-27,zeajin
63,,4889554,4,2018-02-27,zeajin
64,,3569910,3,2018-02-27,zeajin
65,,24750534,4,2018-02-27,zeajin
66,,6533054,4,2018-02-27,zeajin
67,,23761370,4,2018-02-27,zeajin
68,,4915857,4,2018-02-27,zeajin
69,,21817627,,2018-02-27,zeajin
70,,1578714,4,2018-02-27,zeajin
71,,6874456,4,2018-02-27,zeajin
72,,10741834,4,2018-02-27,zeajin
73,,11524967,4,2018-02-27,zeajin
74,,25894431,4,2018-02-27,zeajin
75,,10440138,5,2018-02-27,zeajin
76,,20326665,4,2018-02-27,zeajin
77,“作为演员，即使是片场最糟糕的一天，也比平时最棒的一天强。”这碗毒鸡汤我干了。就算没有任何经验、就算受到所有人质疑嘲笑、就算甚至真的才华也欠奉。。。但他们真的拍出了一部电影并且上映了。ps，原作的男二太帅了啊！,25944886,5,2018-02-26,zeajin
78,四星半 “努力会说谎，但努力不会白费。”我以为会是个励志大团圆，但现实就是一步走错步步错，她最后哭着求法官那段精彩又感人，能找到让你愿意倾尽一生的事业无论如何都是幸福的。ps，结尾的原型重现才发现各种角色神还原，她妈妈酷极了~,26756049,5,2018-02-26,zeajin
79,飞机上看的,22266012,4,2018-02-24,zeajin
80,,26797419,4,2018-02-24,zeajin
81,,26996841,4,2018-02-05,zeajin
82,,27037043,4,2018-02-05,zeajin
83,,27594877,4,2018-02-05,zeajin
84,,27180851,3,2018-02-05,zeajin
85,,27617683,4,2018-02-05,zeajin
86,,26813221,5,2018-02-05,zeajin
87,,2158490,3,2018-02-05,zeajin
88,,26874517,3,2018-02-05,zeajin
89,,10512661,,2018-02-05,zeajin
90,,26654146,2,2018-02-05,zeajin
91,,26661191,3,2018-02-05,zeajin
92,想做这样的父母：儿子枕在父亲膝上，听母亲读德文版法国小说《七日谈》并翻译成英文；在儿子痛苦于一场不被世俗接纳的感情时，父亲跟他讲，别忘记这些伤心、痛苦，更别提那些快乐，那是珍贵的。,26799731,5,2018-02-04,zeajin
93,“人越长大，越发现很难去责怪别人，因为人人都有他的难处。”主角配角都出彩，在你怜她的时候又觉得她有可恨之处，在你恨他的时候又突然让人心疼感动，人人都不容易。,26611804,5,2018-02-02,zeajin
94,感谢有李安这样的导演，感谢李安导演还愿意这样一部一部拍下去。电影是信仰，我相信。,25983044,5,2018-02-02,zeajin
95,亲密关系的处理需要一辈子的学习，奇迹男孩之所以“奇迹”是因为家人、朋友，温暖、平淡，却最打动人心。,26787574,5,2018-01-31,zeajin
96,Dark and Twisty～怪兽获得自由之后的第一件事是跑去电影院看了个电影，真的迷人又美好；孤独、敏感、善良、多情的灵魂能在一起，是件让人高兴的事情。,26752852,4,2018-01-31,zeajin
97,,26704590,4,2018-01-30,zeajin
98,,2043546,3,2018-01-17,zeajin
99,凯瑟琳泽塔琼斯美到没天理。每个小人物的性格都很丰满，非常值得学习的一部片子。,1292274,5,2018-01-16,zeajin
100,这么久远的片子我居然一直没有被剧透，也是幸福的,1297630,4,2018-01-15,zeajin
101,相信自己的专业，相信自己的判断，并且努力学习让自己更加专业让自己的判断更值得信赖，这才是我从这部影片中学习到的。,26416603,5,2018-01-15,zeajin
102,我觉得最厉害的不是他骗了那么多人，而是他准备了两周就真的靠自己通过了司法考试。。,1305487,5,2018-01-14,zeajin
103,并不算是我的菜,1297359,4,2018-01-13,zeajin
104,,3443389,5,2018-01-12,zeajin
105,,26387939,5,2018-01-12,zeajin
106,并未觉得有那么好,26683290,3,2018-01-12,zeajin
107,妹妹每次冲着哥哥笑的时候，我都想哭。（2008年一月标记的想看，十年后的今天才看完，但只要去做了，永远都不算太晚，对不对？）,1303021,5,2018-01-12,zeajin
108,说到底，女人自己有钱才是正经事。and谁不想嫁给斯内普。,1299193,4,2018-01-12,zeajin
109,父亲和母亲在浴缸和衣相拥那段太美，希望年老的时候也能有这样的感情。,1291545,5,2018-01-12,zeajin
110,因为觉得可能会沉闷而拖了很久才看，好片子真的是值得鼓起勇气耐住性子看下去。结局一句“这是给我的。”瞬间泪奔。,1900841,5,2018-01-11,zeajin
111,辛芷蕾和周一围真的太好了，节目纵使有千般不足，但能让更多人看到好演员，就已经很不错了～持续关注。,27039382,4,2018-01-11,zeajin
112,穿上条纹睡衣 我们都一样。,3008247,5,2018-01-10,zeajin
113,,1418192,,2018-01-04,zeajin
114,看完最大感想：“女主的每一套衣服和每一支唇膏都想要……”,26703158,5,2018-01-04,zeajin
115,跟着豆瓣日历看电影,3181788,4,2018-01-02,zeajin
116,真好看啊～～,26666177,5,2017-12-31,zeajin
117,当你觉得人生已经完了的时候，人生其实还很长；而当你觉得人生很长想要重新开始的时候，人生却已经完了。自始至终，她付出所有想得到的，只是爱而已。,1787291,5,2017-12-30,zeajin
118,江一燕大概是很多直男的白月光吧？然而这部片里实在是演技难以恭维。。,26775933,4,2017-12-29,zeajin
119,生死有命 富贵在天,26425068,4,2017-12-24,zeajin
120,为马丽澡堂那场戏加一星,27038183,4,2017-12-24,zeajin
121,“汉皇重色思倾国 御宇多年求不得 杨家有女初长成 养在深闺人未识 天生丽质难自弃 一朝选在君王侧 回眸一笑百媚生 六宫粉黛无颜色。。。”电影版的长恨歌。,5350027,4,2017-12-24,zeajin
122,打开电视正在放 索性看下去 最近一直在想姑娘和姑娘的不同，为什么不喜欢更年轻更貌美的？因为你更善良读过的书更多？愿得一人心难，更难的是白首不相移吧？只能且行且珍惜了,4707209,3,2017-12-16,zeajin
123,整个观影过程强烈不适，但还是要给五星。,25773932,5,2017-12-14,zeajin
124,Gary Oldman是我最爱的男演员，然而在这部片中我没看到他。,26761416,5,2017-12-14,zeajin
125,看完速度去确认自己家门是不是反锁了的。。。,25807345,4,2017-12-11,zeajin
126,恰好刚看完高空挑战第一人坠楼视频，转而看到罗恩紧紧抓住斗牛的缰绳，不知该如何描述的感慨。生命多脆弱也多宝贵啊，哪怕千疮百孔，也要牢牢抓住，别放手。,1793929,5,2017-12-10,zeajin
127,得到真爱就是救赎？相比之下还是更喜欢《明日边缘》尤其阿汤哥摸着女主的脸说：“我真希望我从未认识你。”,1300613,4,2017-12-10,zeajin
128,,26926321,3,2017-12-10,zeajin
129,“每个人心里都有一团火 路过的人只看到烟 但总有一个人 总有那么一个人 能看到这团火 然后走过来，陪我一起”从电影的角度并不精彩，而从电影的角度又特别精彩，因为感谢在这个以票房、流量、场面论英雄的时代还有人坚持做“笨功夫”，值得去影院支持一下。,25837262,4,2017-12-08,zeajin
130,“对我而言真正的残疾不是身体上的，而是继续活在没有她的人世间。”看到这句瞬间泪奔，然而都会过去的对么？现实中瘫痪的男主角依然找到了另一半并有了孩子，生活总要继续，情深和苦痛，一样都会过去。,6786002,4,2017-12-08,zeajin
131,因为太爱皮克斯，所以难免有些苛刻的给了四星。亲情一秒就能触到泪点，故事完整，场景绚丽，小小遗憾就是亲情和梦想并不应该是非黑即白的对立。有很多值得国内电影学习的处理方式。实打实的四颗星,20495023,4,2017-12-06,zeajin
132,"开始以为是个喜剧，心说最讨厌这种乱开玩笑咋咋呼呼的小丑一样的人，可当他在集中营里也要通过广播向见不到的妻子说“早安！公主！""、当他想尽办法让儿子以为这是个游戏并且找机会让儿子吃顿饱饭、当他从容赴死前对儿子做着鬼脸……幽默感真的是最高级的情绪，有苦难，可也是美丽人生。",1292063,5,2017-12-04,zeajin
133,后半段开始惊艳：男主在分手后知晓女主有好的试镜机会，想尽各种办法找到她、鼓励她、陪她试镜、陪她等结果。两个人坐在石凳上，对彼此说“我会永远爱你”。哪怕五年后，彼此身边早已不是对方，哪怕再见面只能遥望，哪怕可能再也没有什么交集，我也相信这句“我会永远爱你”。致所有没走到最后的真爱,25934014,5,2017-12-04,zeajin
134,龙猫是真的存在，还是孩子们的想象呢？这都不重要了吧？温暖平实又带着孩子的笑声一般的清新明快，很喜欢。,1291560,5,2017-12-03,zeajin
135,,1309046,5,2017-12-03,zeajin
136,没看过漫画没看过动画，居然也能看进去。很多梗都好笑，不容易。,26816086,4,2017-12-03,zeajin
137,电影上映第37天:韩国国会以207票通过，1票弃权压倒性通过“性侵害防止修正案”，又名“熔炉法”。要点：性侵女身障者、不满13岁幼童，最重可处无期徒刑；废除公诉期。加害者如任职于社会福利机构或特殊教育单位可加重处罚，新法于2012年7月实施。,5912992,5,2017-11-24,zeajin
138,“勇敢面对自己的时候是美丽的少女，退缩时就会变成风烛残年的老妇。”除了这个，其他的并没看懂。,1308807,4,2017-11-23,zeajin
139,不光出名要趁早，杀人放火也要趁早啊~Benny很可爱,1292208,5,2017-11-21,zeajin
140,终于看完了。。。,3793023,5,2017-11-21,zeajin
141,电影是造梦的机器……游行时候的配乐和画面太洗脑了，看完还忘不了。,1865703,5,2017-11-20,zeajin
142,“我和她生了七个孩子，我却连她的肚脐都没见过。”史诗一样的挽歌，盛大、华丽、疲惫、压抑。,1293146,5,2017-11-17,zeajin
143,“唯一与我的疯狂相匹配的是，你也一样疯狂。谢谢，我爱你。”,3094909,4,2017-11-16,zeajin
144,古板又严肃的父亲、希望他成为拳击摔跤爱好者的父亲、觉得他可能是个天才的父亲、为了他放弃原则的父亲、从没去过伦敦的父亲、芭蕾舞学校里和一切格格不入的父亲、为了儿子的成功而狂奔的父亲……是这部电影最打动我的地方。,1301169,,2017-11-16,zeajin
145,飞机上看了前三分之二，今天才看完后半部分。女人还是更重感情些。。。唉,26580232,5,2017-11-15,zeajin
146,,4301278,4,2017-11-15,zeajin
147,,3990098,4,2017-11-15,zeajin
148,,6021916,4,2017-11-15,zeajin
149,书里印象最深的一段：法力尽失的大痴道人与何安下一起见如松长老，长老说，今晚有大菩萨说法，有两张入场券，你们去吧。接过来一看，竟是程砚秋先生的《锁麟囊》。大痴由此悟出我佛的初心，如松长老说：大愿望就是大法力，现在，这些人困不住你了吧？,24879839,4,2017-11-15,zeajin
150,,1866473,4,2017-11-15,zeajin
151,预告片里小岳岳说得好：“自古相声厨师是一家。”和喜欢菜系一样，不同的人对于喜剧幽默的口味也不同，对于我来说，郭德纲就是男神（求别嘲笑）。。不过这部片子我个人最期待的还是看到孙越老师三百多斤的身躯怎么跑吧哈哈哈～,26850326,,2017-11-15,zeajin
152,,3882759,,2017-11-15,zeajin
153,,5262276,,2017-11-15,zeajin
154,四阿哥的配音完全是我喜欢的男人的声音！话说我还看的挺欢乐的，开心就好 何必深究,4917905,4,2017-11-15,zeajin
155,四星，多一星为了平衡之前的恶意评分。之前看过小说，说实话演员表出来以后大大失望，但等真的看了几集，不得不说还是有可取之处的，近年难得的不浮躁的宫廷剧，值得一看。,4922787,5,2017-11-15,zeajin
156,"""If you love someone, you tell them. Even if you’re scared that it’s not the right thing; even if you’re scared that it’ll cause problems; even if you’re scared that it will burn your life to the ground, you say it and you say it loud."" ---Mark Sloan 1968-2012",10755097,5,2017-11-15,zeajin
157,,24405378,4,2017-11-15,zeajin
158,,2363876,3,2017-11-15,zeajin
159,,6390823,4,2017-11-15,zeajin
160,,3927734,3,2017-11-15,zeajin
161,,25777636,4,2017-11-15,zeajin
162,,4824512,4,2017-11-15,zeajin
163,男版地心引力,25864085,4,2017-11-15,zeajin
164,尼古拉斯霍尔特好可爱,3592854,5,2017-11-15,zeajin
165,,3718279,4,2017-11-15,zeajin
166,很多时候，我们只是打错了电话,10741643,5,2017-11-15,zeajin
167,某大佬跟我说 华尔街就是这样的,2997076,5,2017-11-15,zeajin
168,看了不止一遍，我喜欢这样的故事。,26325320,5,2017-11-15,zeajin
169,时光一去永不回 往事只能回味,11525673,5,2017-11-15,zeajin
170,最大的问题是导演给自己安排的戏份太多了，导致很多应该展开的角色不够丰满。,25790761,4,2017-11-14,zeajin
171,一直没看，因为周一围而翻出来，确实不错。另外深刻阐述了一个道理：当一个人不爱你的时候，哪怕你对ta再好、能为ta做任何事、哪怕你是张震，都没用。,24745500,4,2017-11-12,zeajin
172,“Kneel.Before your queen.”,25821634,4,2017-11-06,zeajin
173,灵魂没有义肢,1298624,4,2017-11-05,zeajin
174,青少年教育片,24753477,4,2017-11-05,zeajin
175,以为是个动作片，但全程聊得都是爱情，被局长及夫人的R级爱情感动的一塌糊涂。爱就是无论何时我都信你。,22266126,4,2017-11-05,zeajin
176,,26287884,4,2017-10-31,zeajin
177,平遥电影节首映影片，和贾樟柯夫妇一起看的露天场，看完才发现裹着毯子腿还是冻麻了。青春的芳华真是美得不用任何装饰，而那些芳华年代过去了，就再也留不住、回不来了。女主最后那段独舞直刺人心，期待正式上映。,26862829,5,2017-10-29,zeajin
178,“一边坏，一边蠢，就是这里正在发生的事情。”,26811587,4,2017-10-19,zeajin
179,“多少钱都不能让我做那样的事！”赞这句。绝对值得一看的电影，节奏气氛都很对。ps，没人觉得男主长得像Jony J嘛？？,27024903,5,2017-10-18,zeajin
180,反正已经下映了也不会有人说我是水军哈哈哈，但这部算是比我预想的好一点吧，多给一颗星给国产电影鼓励。虽然有很多逻辑错误挺无语的，但总体情节起伏规划的还算完整，尤其李易峰的演技真的有进步啊，总体当然还是有点尴尬，但已经能看出一些有灵气的闪光点了，这是好现象，得鼓励。,26698000,4,2017-10-18,zeajin
181,除了反派角色有点新意以外，其他的人物性格没什么成长和亮点；想讲的故事很多，但穿插起来让人觉得混乱和抓不住重点。说实话一直对这个系列不太感冒，据说现在已经是90分钟周边玩具广告片了。,25812712,3,2017-10-18,zeajin
182,不知道还能作何评价，还好是一边玩游戏一边看完的，也不算完全浪费时间。,26754831,2,2017-10-18,zeajin
183,五个短片围绕一个主题，个人最喜欢俄罗斯的《呼吸》，cult又美丽，温柔又残酷，爱就是这样复杂又难以言说。所有里面这部完成度最高，推荐。其他的巴西、印度都算及格，最不喜欢南非的科幻题材，感觉整段垮掉不知所云（可能是我欣赏水平的问题）。中国的部分就不评价了，只能算无功无过吧。,27025637,4,2017-10-17,zeajin
184,“从理性的角度讲，因'自我认知'的偏差，为了要'证明'一项自己完全不具备的天赋，而不断和自己较劲的人，是多么愚蠢！然而更愚蠢的是，我们大多数人在一生里，却竟然就那么窝囊的接受了别人断定的'不可能'，甚至都没有给过自己一次和自己较劲的机会。”梦想让生活值得忍受。,1294753,5,2017-09-21,zeajin
185,对毛绒绒没有任何抵抗力,20254243,4,2017-09-16,zeajin
186,一边吐槽好俗一边掉眼泪，长腿短裙高跟鞋骑着自行车在朝阳下背单词的场景真美。努力真的永远都不晚，真的。而且哪怕现实中可能努力并没有发生奇迹，但努力的过程真的不白费。,26259677,5,2017-09-16,zeajin
187,那些没有血缘关系的亲人，最终也会成为我们的一部分。缓慢而稳定。,2222996,5,2017-09-16,zeajin
188,拍的跟闹着玩似的。受刑、剜眼、掉诛仙台，全都毫发无伤的嘛？另外凤凰不是山鸡，整体配色服装都太尴尬了，技术再高也是为人服务的，无论怎样，审美都要高于特效吧？演技就不吐槽了。,25823277,1,2017-09-15,zeajin
189,真的是每一句台词都尴尬,25857966,1,2017-09-12,zeajin
190,每天看一本书很难，但每天看一部电影相对容易。为了深化对记者了解而看的片子。很喜欢,25954475,5,2017-08-29,zeajin
191,剧情肯定是有不少bug的，但主角配角演技在线，群戏尤其是丧尸暴走场景居然不尴尬，真的算是少有的良心剧了，多加一星鼓励。认真拍东西，观众看得到。,26776350,5,2017-08-27,zeajin
192,“谁说万箭穿心，可我还要光芒万丈呢！”颜丙燕的演技真的绝了，捉奸在门外拿着灭火器要砸门却因为走廊小孩一声妈而停顿那个瞬间太传神。另外建建的痞样子太有魅力了，感恩万箭穿心的生活里还有这样的人。ps，李现好青涩,10537853,5,2017-08-17,zeajin
193,每次看这种评分很高的所谓经典都需要鼓半天勇气。然而事实证明一部好的片子自有其迷人之处。两个半小时一点都不沉闷，争取每天一部，持续补课。,1292268,5,2017-08-10,zeajin
194,,1300741,4,2017-08-10,zeajin
195,,4023638,5,2017-08-10,zeajin
196,,1294638,5,2017-08-10,zeajin
197,,25918717,,2017-08-09,zeajin
198,,25795966,5,2017-08-09,zeajin
199,可能有人觉得很普通，但我觉得很好。穿插在细碎回忆中的伤痛克制又动人，逝去的亲人、无法挽回的过去、身边人的善意、下一辈的依赖，所有这些揉在一起，实实在在打在人心里。两个小时一点不觉得漫长。,25980443,5,2017-08-08,zeajin
200,,1291561,5,2017-08-04,zeajin
201,,1309027,5,2017-08-03,zeajin
202,,11026735,5,2017-08-03,zeajin
203,,3011235,,2017-08-03,zeajin
204,,21318488,5,2017-08-03,zeajin
205,,25662329,5,2017-08-03,zeajin
206,,1929463,,2017-08-03,zeajin
207,这部电影告诉我们：一定不要相信在野党。,26270502,4,2017-08-01,zeajin
208,客观的说七分，虽然情节逻辑有各种经不起推敲的细节，但总体完成度很高，虽然反派有点无脑脸谱化，但配角形象还算丰满，尤其张瀚的富二代形象居然不招人讨厌。有笑点有泪点，是部用心的片子，瑕不掩瑜，值得鼓励。,26363254,4,2017-07-28,zeajin
209,我老板参投、我司员工做音乐指导、大丽花编剧、小王导演，以国产片标准当得起四星，整体完成度高+配乐实在点睛+我最喜欢的有点燃的题材。没出息的看哭了好几次，值得一看。,26790961,4,2017-07-20,zeajin
210,周末补习 ,1889243,5,2017-06-24,zeajin
211,整篇印象最深的不是那些主演，而是和情节毫不相关的镜头：扛着大刀走过闹市的少年，非常喜欢。,25890005,5,2017-06-23,zeajin
212,,26815352,,2017-06-22,zeajin
213,错过了热播期才开始看，只因某天跟编剧朋友吃饭，她如是评价：“白姐的业务如此之强，吊打同框演员，就算再去几趟泰国，也照样能翻身。”,26683725,4,2017-06-08,zeajin
214,看之前觉得金城武怎么可能喜欢周冬雨啊！看完之后觉得天啊谁能不爱上这样的周冬雨啊！失业哭诉、骑自行车、还有床边靠着闺蜜掉眼泪这几场哭戏太到位。姑娘开窍了。,26816383,4,2017-06-02,zeajin
215,彩蛋最多但也是最水的一部戏,25937854,4,2017-05-11,zeajin
216,看得出徐静蕾对男朋友是真爱，尤其全裸背影部分，分明向大家宣示：“你们只能看看～～而我才是拥有者～～～”,26602933,3,2017-04-02,zeajin
217,因为看过原著所以原本不打算看，无奈被家里人拉着。在改编上有值得表扬的地方，苏有朋导演也日渐找到了节奏；但是细节的删减损失了原著的循序渐进，所有聚焦都是“不在场证明”的时候，原作有详细的分析，而电影完全没体现。看好多感谢没改白夜行的，那我就感谢没改幻夜吧；）,26606743,4,2017-04-02,zeajin
218,,26336253,3,2016-10-15,zeajin
219,,3212398,3,2016-10-08,zeajin
220,,25774050,4,2016-10-08,zeajin
221,外子看完非常激动：拍的太好了！我在一旁翻白眼，那是因为你没看过行尸走肉和任何一部欧美僵尸片好嘛……,25986180,4,2016-10-08,zeajin
222,这个节目我最喜欢的一点就是被改造者是要付费的，而不只是被动的接受免费改造。第三期看哭了的点在于，女儿、爸爸独自面对镜头的时候都在哭，而身患绝症的妈妈却是一直在笑。并且节目一直都没有特别煽情的跟妈妈讲女儿卖车给她装修如何如何。很好,26865382,5,2016-09-19,zeajin
223,第二季真是逻辑不通到咬着牙都看不下去。。可惜了几个演员的好演技（不包括大胸姐）。,26802975,2,2016-07-12,zeajin
224,,25757186,3,2016-05-30,zeajin
225,,25662327,3,2016-05-30,zeajin
226,,25820460,4,2016-05-30,zeajin
227,,11624706,4,2016-05-05,zeajin
228,,25763555,3,2016-05-05,zeajin
229,本来看到这部没有李安有小小失望，但看过才发现袁和平的片子更有一番血雨腥风江湖气。转眼卧虎藏龙1已经上映16年了……为了看一场少一场的一代打女杨紫琼。,21327512,4,2016-02-18,zeajin
230,用了这么好的演员阵容，花大价钱做了3D特效，就不能稍微花点时间理顺下剧本么？不好笑都不要紧，逻辑都理不清楚真是太让人崩溃了。真是浪费了这么强卡司这么多钱,26334559,2,2016-02-13,zeajin
231,张雨绮的声音太短板了，听得全身都不舒服,19944106,3,2016-02-12,zeajin
232,良心推荐的一档综艺，休假的时候不止可以看那些热闹的明星真人秀，领略下中华文化的博大精深，了解成语背后的典故，并且节目本身一点都不枯燥，真心推荐。,26696653,5,2016-02-01,zeajin
233,一边看一边感慨：生活都这么艰难了，为什么我还要看这么虐的剧……然后迫不及待的打开下一集……,25826612,5,2016-01-20,zeajin
234,大概因为预期太高，所以没有想象中好。节奏稍差，反正我是看的有点困，中途还玩儿手机什么的来着，《鬼吹灯》是好多年前看的，好多情节都忘了，最近正好重温下。总体来说还是一部及格的爆米花电影。,3077412,3,2016-01-04,zeajin
235,有瑕疵但绝对超出预期的诚意之作，对比之下更显得导演编剧的用心，推理层层递进，笑点不生拉硬拽，甚至几个惊悚镜头真的把我吓够呛，值回票价。,26311973,4,2016-01-04,zeajin
236,我有一个一直品位超群总是选着烂片看的男朋友，每次我质疑他品位都跟我急：“电影不就是让人笑的嘛？我觉着逗就成了！你爱看那些我都看不懂！”而这次陪着他看完恶棍天使，从电影院里出来他说：“这怎么还不如分手大师好看呢？”,26290365,1,2015-12-27,zeajin
237,通篇最喜欢的一句就是冯小刚饰演的老炮儿数落自己的儿子晓波（李易峰）：“瞅你内怂了吧唧的二椅子样儿！”,24751756,5,2015-12-27,zeajin
238,前段时间我想去看小羊肖恩的时候，周围人都笑我，多大了还看动画片。可我真心觉着这并不是只给孩子看的呀~孩子看bingbang那段不会觉着什么，但我已经哭得喘不过气了好嘛~能让不同经历年龄的人各有感动，这就是好片子。最后一定要吐槽下宣传单和海报的设计！,10533913,5,2015-10-08,zeajin
239,不赘述，非常精彩。值得去电影院看。,25798448,5,2015-10-08,zeajin
240,结尾三观有问题，但总体值得表扬。评论里有一句说的特别好：“他日若遂凌云志，屌丝依旧是屌丝”。笑点和演员的表扬都非常到位，十一出去玩，车里循环放着粤语版的《咱们屯里人》，甚至后来去看《解救吾先生》，在演到刘德华唱歌那段时偷偷在朋友耳边唱了一句“卧滴老噶……”,25964071,4,2015-10-08,zeajin
241,这部电影不仅仅是近期最差，简直是近年最差！让我想想该怎么说，脱离原著我们忍了，主要角色莫名其妙我们忍了，扯到外星人地球人我们也忍了，可你倒是好歹讲个完整故事啊！真心是一部完全不知所云的电影，看完我都开始怀疑是不是我自己有问题，要不然怎么票房还那么高？等上了豆瓣看到评论我就放心了…,24827406,1,2015-10-08,zeajin
242,近期看的这一系列电影里倒数第二烂的，徐峥真的不知道自己这部拍的很差嘛……,25710912,2,2015-10-08,zeajin
243,有那么一种导演，观众越想看什么，越不给你看什么。,6846893,3,2015-05-11,zeajin
244,,24987018,3,2015-05-11,zeajin
245,,25745752,4,2015-04-27,zeajin
246,,25870084,4,2015-02-28,zeajin
247,看完感受：1，一定要搜到所有原声；2，找时间再看一遍IMAX版的；3，索尼大法好，请不要破产啊。。。,7065154,5,2014-10-25,zeajin
248,也许是时代的隔阂还是自己年轻时的叛逆，总是与父亲有种种的矛盾，直到主人公的母亲失去，儿子更是视福气如陌生人。最好的结局虽然拥有是那么美满，单果重中到底发生了什么样的故事，还得大家细细去“品尝”。,26169463,5,2014-10-21,zeajin
249,一看一乐也挺好，最惊艳是马苏的表演，“大哥我嗷嗷爱你了。”最失望是袁泉，一出场就觉着满身别扭，编剧对这个人物的塑造也有问题，前半部好于后半部，也可能是因为早就猜出结局所以不觉得太意外所以削弱了这个梗。,25717233,4,2014-10-14,zeajin
250,,11610281,4,2014-09-22,zeajin
251,一星给片中最惊艳的蒋勤勤，那一声“好！”成为本片唯一亮点；一星给林夕的词王菲的唱，可惜了这片尾曲；桂纶镁从影以来最失败扮相，不光演员本身，选角就是大败笔，孙红雷中规中矩，但情绪没有过度和逻辑，只看到一堆不知所谓的跳舞和慢镜头。,25789352,2,2014-09-22,zeajin
252,so far 还不错呀，看到第六集了，为啥评分这么低~,22615394,4,2014-09-22,zeajin
253,本没期望的短句，却出乎意料的好看。“从某种意义上讲，我们每个人都在逃离。”,25787475,4,2014-09-10,zeajin
254,如果你知道你会无数次看到心爱的人死在你面前，你还会不会选择在最开始的时候认识ta。非常赞的片子，人品推荐。,4746257,5,2014-06-07,zeajin
255,,25872793,4,2014-05-21,zeajin
256,瞬移少年那一分钟绝对会成为经典。太cool啦～作为X战警系列忠实观众，必须推荐～,10485647,5,2014-05-14,zeajin
257,,25866879,4,2014-04-28,zeajin
258,我们在天上的父，愿人都尊你的名为圣，愿你的国降临，愿你的旨意行在地上，如同行在天上。我们日用的饮食，今日赐给我们。免我们的债，如同我们免了人的债。不叫我们遇见试探，救我们脱离凶恶。因为国度，权柄，荣耀，全是你的，直到永远。阿门!,20388198,4,2014-03-23,zeajin
259,因为期望比较低，所以看完之后感觉还不错～够轻松有笑点，哪怕有瑕疵也在可接受范围啦～,21765841,4,2014-03-09,zeajin
260,,20388223,4,2014-02-24,zeajin
261,Legolas是我的初恋……真的（初恋男友和他相似度85%……区别是眼睛颜色和发色啦），从小对男明星无感，最爱的非身边人的男性，一是他，二是瞿秋白。,11606328,5,2014-02-24,zeajin
262,So cool~,4202982,5,2014-02-18,zeajin
263,居然陪我妈看了这部剧。。。我对我妈是真爱啊,4166488,2,2014-02-02,zeajin
264,,25809382,5,2014-01-20,zeajin
265,一边捏脚一边看的 还吃了四盘西瓜 so很开心……,7916027,4,2013-12-02,zeajin
266,活着真好 尤其是见过太多我们无能为力的事情之后 活着真好,3793783,4,2013-12-01,zeajin
267,值得一看，Loki挽救了这部电影，就连我这种只爱纯爷们的都要被他折服了，Thor在这一部也有进步，反而娜塔莉同学很没存在感。瑕疵是字幕不给力，其余还好，合格商业片,6560058,4,2013-11-12,zeajin
268,今年看过最差电影。几个亿都挽救不了景甜，真的不会演戏啊，多少影帝帮衬都没戏（而且影帝们在这部剧里……算了还是不说了）。剧情无厘头无逻辑，每一个，真的是每一个角色都好像脑子里进了两斤多的水一样。,23126901,1,2013-10-28,zeajin
269,昨天一边跑步一边看HBO，就看到这部片子，没看完就从健身房出来了，回来上豆瓣想看看大家的评论，结果居然没人看过~那就让我踩一脚吧~,6979843,3,2013-09-24,zeajin
270,,4116481,3,2013-09-06,zeajin
271,最不爽的就是皮特的老婆怎么能那么路人！一点都不惊艳怎么镇得住这样老公么〜动作场面震撼，3D效果逼真（僵尸飞出来的时候我真的差点叫出来），结尾略显平淡，不过见仁见智吧。总之是一部值得看的片子。,2132473,4,2013-07-20,zeajin
272,睡着了，中间淫乱的时候睁眼看了下然后又睡了。出来我还问朋友，这也叫三级片啊。。。完全没懂。。。或许是我浅薄吧，阿莫多瓦大师。,10508920,3,2013-07-20,zeajin
273,看IMAX是太明智选择！变形金刚+钢铁侠大战哥斯拉，完成度很高的商业片，看得过瘾。剧情稍有不流畅，但借用朋友的话说，场面已经足够了，你给国内导演再多的钱，也拍不出这效果。ps，菊地凛子就是不够好看却有范儿的女生典范啊〜短发so hot,5323968,4,2013-07-19,zeajin
274,好看！粤语才有味道。看到提前场好幸福〜,20515071,4,2013-07-18,zeajin
275,一部比一部好看，第一部吓人太刻意，第二部就轻松许多，到了第三部剪辑和情节都算是上乘了。到港看的第一部三级片。,22759660,4,2013-07-18,zeajin
276,so so 没有一好看，也可能是因为我最近太忙了,3642843,4,2013-06-14,zeajin
277,"桂纶镁有一种独特的气质，甜美可人中又带着精灵古怪，比清茶香浓，比奶茶清新，所以最适合这种有点小魔幻的片子。
吸引力法则是我一贯认同的，说白了就是气场嘛~气场low的时候觉着事事不顺，气场足的时候就所向披靡风生水起~你微笑，世界就会跟着你微笑~",24743049,4,2013-06-14,zeajin
278,印象最深的是邓超在餐馆打工，是拿小费资格都没有的杂工，忍受着店主的轻蔑对待。一个大妈偷偷塞给他20美金，说，你还年轻，还有很多机会，而她（店主）也只能一辈子在这里了。配乐加一星,11529526,4,2013-06-03,zeajin
279,,6534248,4,2013-06-03,zeajin
280,,1985677,3,2013-06-02,zeajin
281,被低估的电影，能看到感动就是好的,1303112,5,2013-06-01,zeajin
282,nice,7054120,5,2013-06-01,zeajin
283,,3017651,2,2013-05-04,zeajin
284,确实没有想象的好看，不过今天做的脚趾甲颜色太好看了，心情很好，所以加一颗星。（女人就是这么喜怒无常）,3231742,4,2013-05-04,zeajin
285,在这样的年月，影片结束电影院里响起掌声，我想不用多说了吧？五星。,1907966,5,2013-04-30,zeajin
286,不是我的菜，早知道看银河映像那部了。。。,6011806,3,2013-04-06,zeajin
287,“只要我们住在彼此心里，死亡就不是分离。”吴秀波念长凳上的句子的时候瞬间穿越诺丁山了。浪漫爱情喜剧，何必苛求？汤唯够好看，吴秀波够（有胡子版）帅气，海清够惊喜，婚纱店小伙儿够出彩，女儿有小狡猾，警察大姐有搞笑……足矣。,10574468,4,2013-03-27,zeajin
288,好好拍个电影就那么难嘛。。,4312428,2,2013-03-24,zeajin
289,,3346548,2,2013-03-17,zeajin
290,,2994851,3,2013-03-16,zeajin
291,,1294990,4,2013-03-09,zeajin
292,勇往直前 不怕死 不退缩的--------------半兽人……,1966182,4,2013-03-02,zeajin
293,,21331055,5,2013-02-17,zeajin
294,人在生死面前的表现最真实。即使在末世见了那么那么多的离别死亡，面对妻子的死，rick还是无法接受，所以有一集就叫：say the word 那个词，就是再见吧？,10545971,4,2013-02-17,zeajin
295,"When the door you've been knocking at finally swings open, you don't ask why, you run through. That is the simple fact. No one is here to make it comfortable for you, no one is here to appreciate your moping. 戴安的美在于强大到你完全忽略了她不那么完美的脸。越来越爱的一部美剧。",10549253,5,2013-01-31,zeajin
296,,1949321,4,2013-01-24,zeajin
297,,4728471,3,2013-01-24,zeajin
298,见自己，看山是山，看水是水；见天地，看山不是山，看水不是水；见众生，看山又是山，看水又是水。,3821067,4,2013-01-09,zeajin
299,笑中带泪。反正我是哭的稀里哗啦的~看完的感触就是好想好想好想有个自己的家啊……（请不要鄙视我）。因为看完之后出门就打到车了所以加一颗星。ps，从中关村跑到朝阳门就为和你看场电影，这不是真爱是什么！,10574622,4,2012-12-27,zeajin
300,,3592853,3,2012-12-25,zeajin
301,标准的成龙电影。我们不得不承认，这么多年过去，能把动作片拍的好玩又好看的还得是他。片尾彩蛋甚多，影院一片惊呼。不知成龙是否想借此片表达对林凤娇多年亏欠，总之最后大嫂出现还是感动到我。男人爱玩不要紧，只要记得回家。#封建迷信思想传递不断#,4212172,4,2012-12-25,zeajin
302,瑕不掩瑜，个人觉着很好看。为了「法治」加一颗星。有多少大学学过法律的人如我一般深深被判例法吸引，可却也明白我们只是不被承认得大陆法系，连民国时期都不如，只好合上书踏实找工作赚钱。当电影中讲到香港得法治精神，坐后面有个人说：这比看18大有意义多了。位卑不敢忘忧国。谢谢这部电影。,6890730,5,2012-11-11,zeajin
303,超有爱~优酷可以直接看哦~,3754382,4,2012-11-01,zeajin
304,没有传说的那么烂。看完之后两个感想：一要尽快熟练掌握开车技能；二是出了事美国大使馆还是最坚实的依靠。。多的我就不说了。。,3606971,4,2012-10-20,zeajin
305,,2124586,5,2012-10-19,zeajin
306,我喜欢开头,20023307,5,2012-10-16,zeajin
307,我是有多爱这剧啊，各种循环播放。MAX是我近期偶像，尤其胸围那部分。哈哈~,10727268,5,2012-10-10,zeajin
308,拍的不好是水平问题而不是篇幅问题。举个例子：原著中百灵认鹿三做干大改为了孝文认鹿三，可电影中鹿三居然就那么坦然坐着接受了，完全忽略了鹿三作为长工对主家的忠诚尊敬和得知消息的忐忑，由此后面的人物性格就更加模糊，作为一部电影来看勉强及格，作为一部改编，只能说糟蹋了史诗般的原著。可惜了,4718369,3,2012-09-17,zeajin
309,哈哈 好可爱，不过翻译成天堂上诉太白了吧？,6808713,4,2012-09-12,zeajin
310,看完之后决瞬间定回家把自己的小靴子黑色长筒袜和格子短裙小毛衫找出来啊~女主扮相真好~小蜘蛛也挺帅的，尤其一针一线给自己缝装备，特别唏嘘的屌丝逆袭范儿……,2129132,4,2012-09-03,zeajin
311,好想看剖腹那一段的完全版啊……所以塞隆姐姐死掉是因为太贵下一集用不起嘛？,3771562,4,2012-09-03,zeajin
312,好看！比上一步稍逊，但探讨的一些问题特别是我的菜，周末准备再看一遍~,3395373,5,2012-08-29,zeajin
313,第四集放了把刷子就把高帅富的敞篷宝马老爷车给爆了到底是什么原理？放在电瓶上了？求解~,2373195,5,2012-08-22,zeajin
314,,4218768,4,2012-07-11,zeajin
315,陈凯歌讲了一个好故事，瑕不掩瑜，担得起「诚意之作」。电影四星，另一颗星给高圆圆和赵又廷的对手戏，真正相爱的人在一起，旁人是看得出来的。,6799191,4,2012-07-10,zeajin
316,,3289086,,2012-07-04,zeajin
317,,3289081,,2012-07-04,zeajin
318,,1835843,4,2012-07-04,zeajin
319,,1306809,3,2012-07-04,zeajin
320,,2028669,4,2012-07-04,zeajin
321,,3148027,3,2012-07-04,zeajin
322,,1309101,4,2012-07-04,zeajin
323,,3227410,4,2012-07-04,zeajin
324,,6053731,3,2012-07-04,zeajin
325,,3233635,4,2012-07-04,zeajin
326,,5450891,,2012-07-04,zeajin
327,,3274505,4,2012-07-04,zeajin
328,无感,4206436,4,2012-07-04,zeajin
329,,3068206,5,2012-07-04,zeajin
330,,4824515,3,2012-07-04,zeajin
331,,3742937,4,2012-07-04,zeajin
332,,1866479,5,2012-07-04,zeajin
333,,1866471,3,2012-07-04,zeajin
334,,5966523,3,2012-07-04,zeajin
335,,6126439,5,2012-07-04,zeajin
336,,6557005,5,2012-07-04,zeajin
337,看完就去吃龙虾的人你们伤不起……,3642835,5,2012-07-04,zeajin
338,3D效果一流,3178770,5,2012-07-04,zeajin
339,太长了,4154669,4,2012-07-04,zeajin
340,,3104794,4,2012-07-04,zeajin
341,周日宅家拉上窗帘看了一天，到晚上才出门做了个指甲缓解下心情。我是有多爱灵异题材啊……自己把自己吓够呛~,6742618,5,2012-07-02,zeajin
342,搞笑加励志,6395245,5,2012-06-23,zeajin
343,哈姆雷特曾经对奥菲利亚说，“上帝赐给你一张脸，你却为自己再造了一张。”真实的自己与外在的伪装相互斗争，胜负难分。 ,5969409,,2012-06-09,zeajin
344,要等到九月才看到结局啊！摔,6850280,5,2012-05-23,zeajin
345,,5977835,5,2012-03-10,zeajin
346,,5377708,3,2012-01-30,zeajin
347,的确是要五星，推荐,3986493,5,2012-01-29,zeajin
348,这片子应该叫「谁能比我惨，但是我活该」,3880545,4,2012-01-04,zeajin
349,自由很宝贵，可我只想要被你驯养,6985986,5,2011-12-18,zeajin
350,「击败他，不然没有家」哥哥的故事固然感人，但是汤米，曾被所有人甚至自己的国家抛弃的汤米，看似不可一世，而在拳台上背过人群用汗水掩饰着流泪的汤米，还是会为了一句我爱你而放弃的汤米。汤米，我爱你。,3217169,5,2011-12-17,zeajin
351,周末自己在家看这个，唉。。。天黑了,4067152,4,2011-12-11,zeajin
352,,5908477,4,2011-12-07,zeajin
353,,4873490,4,2011-11-20,zeajin
354,我以为会不一样的，经过了，其实也没那么多不一样,1292434,,2011-11-18,zeajin
355,门口拿着卡片那段秒杀,1292401,5,2011-11-18,zeajin
356,完全不能认同的生活方式，孩子，有句话叫父母在，不远游。何况是如此凶险的游历。有种东西叫梦想，但还有一种东西叫责任。,5318669,3,2011-11-14,zeajin
357,必须五星，hi死了！剧情全在预料之中却依然牵动人心。原声和风景让人沉醉；而打斗场面又让人热血沸腾！要再看第二次！,1972729,5,2011-11-12,zeajin
358,电影不错，国产片加一颗星。真实，正向，有剧情，有代入感，有价值观。唯一不真实的是片中富二代居然从头到尾就内一个女朋友。太假了,6101834,5,2011-10-23,zeajin
359,药不能停,3041269,3,2011-10-22,zeajin
360,男主角身材很赞，其他soso,3652302,3,2011-10-22,zeajin
361,＂我们不应该把个人偏见加到影片中来，以至于没看电影就给低分＂好吧，我不是gay，我之前压根不知道抵制这回事。我只是看了这部电影，然后，一星。,5285685,1,2011-10-15,zeajin
362,本来按烂片预期的，看了才不得不承认x战警系列真是不会让人失望。非常推荐！视觉效果和想象力都赞！,3168089,5,2011-09-18,zeajin
363,爆米花电影，队长好帅，拉拉队员都好美，好想来一套！,2138838,4,2011-09-11,zeajin
364,＂如果生命只剩一分钟怎么办？＂＂我会让每一秒都有意义＂,3075287,4,2011-09-03,zeajin
365,看得很happy呀！没剧情又怎样，3D效果赞死了，回家又重温了一和二，还是喜欢梅根呀！有胸有屁股还有点野的妞儿才是我的最爱！,3610047,5,2011-07-24,zeajin
366,　　Try to remember Try to forget,1303590,4,2011-06-12,zeajin
367,,4286017,4,2011-05-14,zeajin
368,电影四星，舒淇太美，加一星,4728584,5,2011-05-08,zeajin
369,看了 乐了 想去巴西看世界杯了,3731581,5,2011-05-06,zeajin
370,早就看了懒得评 都快睡着了,3262050,3,2011-05-06,zeajin
371,BL之后的大爱 艾丽莎集中了女性的所有优点,5028366,5,2011-04-25,zeajin
372,,4724739,4,2011-04-11,zeajin
373,平心而论是三星，但是作为一部娱乐片它合格了，而且哥看得热血沸腾啊有木有！！！哥上辈子一定是个男人,3041264,4,2011-03-19,zeajin
374,真心觉着还挺好看的。just having fun,4190211,4,2011-03-16,zeajin
375,周日看的，客观的四星，范小姐越来越有味道了。不是我喜欢的片子类型,4059245,4,2011-03-16,zeajin
376,,4164444,5,2011-03-11,zeajin
377,,3319755,4,2011-02-01,zeajin
378,,2160639,,2011-02-01,zeajin
379,,2369613,,2011-02-01,zeajin
380,,2053598,,2011-02-01,zeajin
381,,1427318,,2011-02-01,zeajin
382,,3041753,4,2011-01-29,zeajin
383,,2997134,4,2011-01-15,zeajin
384,“For Narnia！”是不是和“为了新中国！”是一个意思？,2131291,4,2011-01-07,zeajin
385,起 落 安 妥,4271894,4,2010-12-29,zeajin
386,最是人间留不住 朱颜辞镜花辞树,1978709,5,2010-12-25,zeajin
387,,4739952,5,2010-12-19,zeajin
388,,5323683,,2010-12-19,zeajin
389,,5351754,4,2010-12-19,zeajin
390,,3205624,4,2010-12-19,zeajin
391,花有重开日 人无再少年,5344178,4,2010-12-19,zeajin
392,,1464338,4,2010-12-19,zeajin
393,结尾居然能过审？节奏好 演员好 导演好 绝对值得一看 一个隐线：姜文说早年跟随松坡将军 就是蔡锷 所以最后周韵居然没跟他我很奇怪呢,3742360,5,2010-12-18,zeajin
394,,3824500,3,2010-12-13,zeajin
395,,3287562,4,2010-12-13,zeajin
396,我真觉着还听好看的,3670446,4,2010-12-08,zeajin
397,我真觉着还挺好看的，可能跟一起看的人有关吧。就是奇怪赫敏小姐是带了多少件衣服出来逃亡呀,2051007,4,2010-11-30,zeajin
398,,1301726,,2010-11-13,zeajin
399,,1302467,,2010-11-13,zeajin
400,,1308767,,2010-11-13,zeajin
401,,1299327,,2010-11-13,zeajin
402,,1301171,,2010-11-13,zeajin
403,,1305690,,2010-11-13,zeajin
404,,1292728,,2010-11-13,zeajin
405,,1292214,,2010-11-13,zeajin
406,,1294240,,2010-11-13,zeajin
407,,1292343,,2010-11-13,zeajin
408,,1291843,,2010-11-13,zeajin
409,,1307793,,2010-11-13,zeajin
410,,1291548,,2010-11-13,zeajin
411,,1296909,,2010-11-13,zeajin
412,,1652587,,2010-11-13,zeajin
413,,3442220,,2010-11-13,zeajin
414,女主角漂亮,3230092,4,2010-10-23,zeajin
415,精明是一种一旦学会就无法改变的习惯,3240208,3,2010-10-23,zeajin
416,,2300450,4,2010-10-23,zeajin
417,,4317617,4,2010-10-17,zeajin
418,,3412830,3,2010-10-09,zeajin
419,,1300267,,2010-09-28,zeajin
420,我觉着还不错呀，打戏很过瘾。成龙连杰都老了，，甄子丹终于熬到出头之日。,3792816,4,2010-09-26,zeajin
421,最后两集让我再次把格蕾放入我最爱的美剧之一。christina yang is my type。。。,4001699,5,2010-09-26,zeajin
422,1，和小说完全是另外的一个故事，张艺谋已经退步到无法完整顺畅的叙述一件事情了么？2，除了扮相还不错的男女主角，真的是很一般的电影；3，两星半给艾米感动了我的原著，半星给男女主角。影院中开始很多笑场，结尾部分也有很多人感动到哭，但是，个人认为主要是拜原著的故事所赐。并且，哭不是标准,4151110,3,2010-09-19,zeajin
423,Rise and Rise again until Lambs Become Lions,2062677,4,2010-09-08,zeajin
424,无可争议的五星，最起码这种类型的片子深得我心。好久没有动脑子看电影了……,3541415,5,2010-09-03,zeajin
425,,3402975,4,2010-08-24,zeajin
426, Woody Allen,1433577,4,2010-08-22,zeajin
427,,3233761,4,2010-08-22,zeajin
428,比想象的好 朱莉惊艳不再 演技犹存,2153526,4,2010-08-22,zeajin
429,中文配音赞一个~,2249531,,2010-08-17,zeajin
430,,2130163,,2010-08-15,zeajin
431,我之前为什么会只打三星呢？重看惊艳。,1780330,5,2010-08-15,zeajin
432,,4843641,,2010-08-15,zeajin
433,,2174535,4,2010-08-15,zeajin
434,,1417598,4,2010-08-15,zeajin
435,,1853176,,2010-08-15,zeajin
436,,3328794,,2010-08-15,zeajin
437,说两次我便会当真,1304624,4,2010-08-15,zeajin
438,就像你十年前的闺蜜有天要来看你 你能不见么？,3147941,4,2010-08-14,zeajin
439,爆米花电影,3006424,4,2010-08-14,zeajin
440,,3671986,4,2010-08-01,zeajin
441,,3026633,3,2010-07-28,zeajin
442,强势的女人真可怜……男人呀，你以为温柔的小绵羊就真是爱情的本质嘛？等她给你背后一刀的时候，你才知道那个为你做决定、让你觉着没有尊严的女人才是最爱你的人，最起码她直接。她只是不知道方式不对而已。,4133988,4,2010-07-25,zeajin
443,我愿风调雨顺 国泰民安,3596502,4,2010-07-25,zeajin
444,反正我们又不赶时间,4305436,,2010-07-14,zeajin
445,,3620686,,2010-07-12,zeajin
446,罗夏太帅了,1972698,,2010-07-11,zeajin
447,,1300548,,2010-07-11,zeajin
448,家珍说：俺们凤霞从小命苦，没过过一天好日子，你要是不作难的话，结婚那天多叫些人 热闹热闹,1292365,5,2010-07-10,zeajin
449,,1461351,,2010-07-10,zeajin
450,,1972701,,2010-07-10,zeajin
451,,1867335,,2010-07-10,zeajin
452,,3236478,,2010-06-27,zeajin
453,,1792917,,2010-06-23,zeajin
454,永不让我失望的皮克斯；儿时的经典；看了影评之后才知道除了我还有那么多人看哭；玩具系列的完美告别……,1858711,5,2010-06-22,zeajin
455,,1298320,,2010-06-20,zeajin
456,,4237879,,2010-06-20,zeajin
457,李连杰的最佳表现 朱媛媛演得真好,4004731,5,2010-06-19,zeajin
458,,3990470,,2010-06-06,zeajin
459,,3754368,5,2010-06-06,zeajin
460,,1315574,,2010-05-31,zeajin
461,,1309078,,2010-05-31,zeajin
462,,1433673,,2010-05-31,zeajin
463,,1293013,,2010-05-31,zeajin
464,,1294941,,2010-05-31,zeajin
465,,3018123,,2010-05-31,zeajin
466,,1292326,,2010-05-31,zeajin
467,这就是《刺客信条》嘛！,1819388,4,2010-05-30,zeajin
468,,3824672,,2010-05-29,zeajin
469,,3169043,,2010-05-23,zeajin
470,实习医生格蕾外传,2368641,,2010-05-22,zeajin
471,,3279107,,2010-05-18,zeajin
472,,3148748,,2010-05-18,zeajin
473,,3066739,,2010-05-15,zeajin
474,,3820191,2,2010-05-15,zeajin
475,,3792799,5,2010-04-26,zeajin
476,,3676719,,2010-04-23,zeajin
477,,3676748,,2010-04-23,zeajin
478,,3676753,,2010-04-23,zeajin
479,,3676686,,2010-04-23,zeajin
480,,3676702,,2010-04-23,zeajin
481,,1890572,,2010-04-23,zeajin
482,,1463879,,2010-04-23,zeajin
483,,3273588,,2010-04-23,zeajin
484,,3882772,,2010-04-23,zeajin
485,,3272879,,2010-04-23,zeajin
486,,3205646,,2010-04-23,zeajin
487,丛丛家小戴说看着都懂 问之，答曰：圣斗士星矢里都演过,2131654,,2010-04-23,zeajin
488,,4798888,,2010-04-23,zeajin
489,,1438652,,2010-04-23,zeajin
490,,3882803,,2010-04-22,zeajin
491,,3141950,5,2010-04-22,zeajin
492,,2353023,,2010-04-22,zeajin
493,,4100696,,2010-04-22,zeajin
494,,2149806,,2010-04-22,zeajin
495,,3552028,,2010-04-21,zeajin
496,,3777800,,2010-04-15,zeajin
497,,2334904,,2010-04-15,zeajin
498,周四晚上的电影 一颗星给徐若瑄 我若是男人 也会爱上她,3993708,4,2010-04-01,zeajin
499,,1308741,,2010-03-28,zeajin
500,愉快的周五电影系列,2336785,3,2010-03-27,zeajin
501,看前面觉着介就是一鬼片儿嘛！后来慢慢品出好来，值得一看的片子,2267372,5,2010-03-25,zeajin
502,比我想象的好~屎好学 尿不好学~,3928370,3,2010-03-20,zeajin
503,,1906298,5,2010-03-14,zeajin
504,,3077791,,2010-03-14,zeajin
505,,3873960,,2010-03-13,zeajin
506,看到影志推荐，这个片子应该会像once那样在豆瓣火起来吧,3073124,,2010-03-13,zeajin
507,soso,2028645,4,2010-03-13,zeajin
508,,4074158,4,2010-03-13,zeajin
509,,3071461,,2010-03-07,zeajin
510,阮经天不错哦,3737102,4,2010-03-01,zeajin
511,永远不能忘记所爱的人,3011091,5,2010-02-28,zeajin
512,我说：里面福尔摩斯跟那个大个儿说的英语太英式了 我都听不懂了。朋友说：内是法语……,2998270,4,2010-02-28,zeajin
513,比我期待的要好 徐若瑄真是妖精唉……,4066206,4,2010-02-25,zeajin
514,,1482075,3,2010-02-21,zeajin
515,,3011102,4,2010-02-09,zeajin
516,,1485260,4,2010-02-09,zeajin
517,从年初就开始期待的电影,1759386,5,2010-02-05,zeajin
518,,2160611,,2010-02-01,zeajin
519,,2133413,,2010-01-28,zeajin
520,作为一个动作片 何须严谨剧情？里面姑娘都挺赞的,1899892,4,2010-01-22,zeajin
521,,2251924,,2010-01-12,zeajin
522,,1948937,4,2009-12-22,zeajin
523,,3198015,,2009-12-21,zeajin
524,,2996640,,2009-12-20,zeajin
525,每一滴血都是热的。看到最后哭到眼睛都肿。 我不管你们影评人说什么脸谱化或没新意，能够扎实、诚恳的描述每个支持革命的人，  因人而异的动机，却殊途同归……0这部片子作为09年我看过的最好的国语片。当之无愧,3626416,5,2009-12-19,zeajin
526,,1464368,,2009-12-13,zeajin
527,,2977766,,2009-12-13,zeajin
528,,4159499,,2009-12-13,zeajin
529,,1417237,,2009-12-13,zeajin
530,,4154944,,2009-12-13,zeajin
531,,4111340,,2009-12-13,zeajin
532,一定要在吃饱了以后看,3102668,4,2009-12-11,zeajin
533,,4185668,,2009-12-08,zeajin
534,,1306713,,2009-12-07,zeajin
535,,2295401,,2009-12-05,zeajin
536,,3267198,,2009-12-02,zeajin
537,,3013580,,2009-12-02,zeajin
538,,1764796,3,2009-12-02,zeajin
539,,3072124,5,2009-12-02,zeajin
540,编剧从男人角度写女人 从女人角度写战争 你说能好么？一颗星给配乐,3264045,3,2009-11-29,zeajin
541,没有想象的好 或许是我期望的太高,3006772,4,2009-11-29,zeajin
542,,1300618,5,2009-11-25,zeajin
543,,3892449,2,2009-11-22,zeajin
544,,3395460,,2009-11-22,zeajin
545,感谢我没有选择回家做饭，感谢同档期电影我全看过所以只能选这部，感谢选到了最好的位置。在2012看到这部电影，比三年前更有感触，有亲人的地方，才是家。不知道下周是否还在映。,3005875,5,2009-11-14,zeajin
546,,2083734,,2009-11-03,zeajin
547,,2268359,,2009-11-01,zeajin
548,,2148257,,2009-11-01,zeajin
549,,1480318,,2009-11-01,zeajin
550,,1309109,,2009-10-31,zeajin
551,完美主义的彼得潘 ,3920977,5,2009-10-28,zeajin
552,,1291818,5,2009-10-27,zeajin
553,,2301032,,2009-10-27,zeajin
554,,2287761,,2009-10-27,zeajin
555,,2367213,,2009-10-27,zeajin
556,,2294179,,2009-10-27,zeajin
557,,1308078,,2009-10-27,zeajin
558,,1461981,,2009-10-27,zeajin
559,,1302836,,2009-10-27,zeajin
560,,1851683,,2009-10-27,zeajin
561,,1297194,,2009-10-27,zeajin
562,,1295858,,2009-10-27,zeajin
563,,1305197,,2009-10-27,zeajin
564,,1296169,,2009-10-27,zeajin
565,,1306011,,2009-10-27,zeajin
566,,1295374,,2009-10-27,zeajin
567,,1296897,,2009-10-27,zeajin
568,,1385567,,2009-10-27,zeajin
569,,2123619,,2009-10-27,zeajin
570,,1498607,,2009-10-27,zeajin
571,,1303983,,2009-10-27,zeajin
572,,1298104,,2009-10-27,zeajin
573,,1306098,,2009-10-27,zeajin
574,,1307345,,2009-10-27,zeajin
575,,1298252,,2009-10-27,zeajin
576,,1293225,,2009-10-27,zeajin
577,,1308582,,2009-10-27,zeajin
578,,1295157,,2009-10-27,zeajin
579,,2982064,,2009-10-27,zeajin
580,,2375707,,2009-10-27,zeajin
581,,1297544,,2009-10-27,zeajin
582,,2983434,,2009-10-27,zeajin
583,,1304091,,2009-10-27,zeajin
584,,2059310,,2009-10-27,zeajin
585,,1400666,,2009-10-27,zeajin
586,,1291573,,2009-10-27,zeajin
587,,1293167,,2009-10-27,zeajin
588,,3155683,,2009-10-27,zeajin
589,,1292218,,2009-10-27,zeajin
590,,2160565,,2009-10-27,zeajin
591,,2142656,,2009-10-27,zeajin
592,,1297909,,2009-10-27,zeajin
593,,3726072,,2009-10-27,zeajin
594,,3345815,,2009-10-27,zeajin
595,,1759975,,2009-10-27,zeajin
596,,2123622,,2009-10-27,zeajin
597,,2311145,,2009-10-27,zeajin
598,,3021607,,2009-10-27,zeajin
599,,3005496,,2009-10-27,zeajin
600,,1292962,,2009-10-27,zeajin
601,,1498593,,2009-10-27,zeajin
602,,1874115,,2009-10-27,zeajin
603,,1299624,,2009-10-27,zeajin
604,,1325399,,2009-10-27,zeajin
605,,1308156,,2009-10-27,zeajin
606,,1929443,,2009-10-27,zeajin
607,,1299965,,2009-10-27,zeajin
608,,2030778,,2009-10-27,zeajin
609,,1305837,,2009-10-27,zeajin
610,,1422204,,2009-10-27,zeajin
611,,3136488,,2009-10-27,zeajin
612,,1304397,,2009-10-27,zeajin
613,,1437319,,2009-10-27,zeajin
614,,1925945,,2009-10-27,zeajin
615,,1422286,,2009-10-27,zeajin
616,,1309177,,2009-10-27,zeajin
617,,1301283,,2009-10-27,zeajin
618,,1308290,,2009-10-27,zeajin
619,,1584750,,2009-10-27,zeajin
620,,1417543,,2009-10-27,zeajin
621,,1394163,,2009-10-27,zeajin
622,,1302927,,2009-10-27,zeajin
623,,1305564,,2009-10-27,zeajin
624,,1410822,,2009-10-27,zeajin
625,,1444595,,2009-10-27,zeajin
626,,1303769,,2009-10-27,zeajin
627,,1300246,,2009-10-27,zeajin
628,,1294772,,2009-10-27,zeajin
629,,1300064,,2009-10-27,zeajin
630,,1308384,,2009-10-27,zeajin
631,,1393859,5,2009-10-27,zeajin
632,,1308830,,2009-10-27,zeajin
633,,1299048,,2009-10-27,zeajin
634,,1298869,,2009-10-27,zeajin
635,,1304282,,2009-10-27,zeajin
636,,1302786,,2009-10-27,zeajin
637,,3214020,,2009-10-27,zeajin
638,woodyallen是个不世出的天才 只有天才方能拍出这样的视角 还有什么好说么 我爱天才 怎样都行,3007825,5,2009-10-26,zeajin
639,不要迷恋哥 哥只是个传说,1917074,3,2009-10-24,zeajin
640,昨天看的提前上映（还见到了影志!) 今天还准备陪朋友再看一遍 就冲这 也得给5星,3558661,5,2009-10-23,zeajin
641,也不是一无是处,3011906,3,2009-10-16,zeajin
642,,2369549,,2009-10-14,zeajin
643,对于一个爱玩杀人游戏的女人 猜出结局很容易,3734112,4,2009-10-14,zeajin
644,梦想 多久开始都不晚,2129039,,2009-10-13,zeajin
645,,2297275,,2009-10-06,zeajin
646,,1291851,4,2009-10-06,zeajin
647,,2256034,2,2009-10-06,zeajin
648,,1307532,3,2009-10-06,zeajin
649,狗太丑,1309150,,2009-09-19,zeajin
650,,1308850,4,2009-09-19,zeajin
651,本来电影2星，范冰冰太漂亮了 加半星，学到古人很香艳的调情招数（或者算sm？），加一星半,3582229,4,2009-09-18,zeajin
652,,2170939,,2009-09-18,zeajin
653,,2245679,,2009-09-18,zeajin
654,,3008655,,2009-09-18,zeajin
655,,1309065,,2009-09-18,zeajin
656,,2148618,,2009-09-18,zeajin
657,,1307868,,2009-09-18,zeajin
658,,1306983,,2009-09-18,zeajin
659,,1308866,,2009-09-18,zeajin
660,,1305926,,2009-09-18,zeajin
661,,1433678,,2009-09-18,zeajin
662,,2279587,,2009-09-18,zeajin
663,,3244162,,2009-09-18,zeajin
664,,3304014,,2009-09-18,zeajin
665,,2143554,,2009-09-18,zeajin
666,,1418270,,2009-09-18,zeajin
667,,2979528,,2009-09-18,zeajin
668,,1419969,,2009-09-18,zeajin
669,,3068563,,2009-09-10,zeajin
670,,1759579,5,2009-09-10,zeajin
671,,1793912,,2009-08-25,zeajin
672,,1437204,,2009-08-23,zeajin
673,,1309017,,2009-08-23,zeajin
674,,1870681,,2009-08-23,zeajin
675,,2253851,,2009-08-23,zeajin
676,,2213591,,2009-08-23,zeajin
677,,1309038,,2009-08-22,zeajin
678,非常赞的身手 除AV外能让男人精神亢奋热血沸腾摩拳擦掌的片子,3114109,5,2009-08-18,zeajin
679,很不错的片子 效果情节都及格 美国大兵扮相真是带劲啊~,2223596,5,2009-08-08,zeajin
680,,3285416,,2009-08-07,zeajin
681,,3285421,,2009-08-07,zeajin
682,,1754882,5,2009-08-07,zeajin
683,,3285411,,2009-08-07,zeajin
684,,3285407,,2009-08-07,zeajin
685,,2277018,5,2009-08-05,zeajin
686,,3670447,2,2009-08-02,zeajin
687,,2146991,5,2009-07-30,zeajin
688,安雅挺好看的,1307762,4,2009-07-30,zeajin
689,,1433330,3,2009-07-29,zeajin
690,,3074408,,2009-07-27,zeajin
691,,2257732,,2009-07-27,zeajin
692,国语配音太垃圾 但是电影是真的不错，一步步走向犯罪的无奈刻画的丝丝入扣 结尾刘青云坐在警车里 古天乐坠下大桥 回想起几个人在一起的旧时光 太让人难过了……,3412882,4,2009-07-26,zeajin
693,,2346491,,2009-07-24,zeajin
694,黄色滤光镜的效果 永远让我没有抵抗力的励志型电影 很喜欢,1862826,5,2009-07-23,zeajin
695,,2037796,,2009-07-18,zeajin
696,,2209368,,2009-07-13,zeajin
697,,2357162,5,2009-07-12,zeajin
698,,3539855,,2009-07-12,zeajin
699,,3190880,5,2009-07-08,zeajin
700,,2154354,,2009-07-06,zeajin
701,,3103678,,2009-07-04,zeajin
702,,2161696,5,2009-07-04,zeajin
703,,3814081,4,2009-07-04,zeajin
704,,2336737,4,2009-07-03,zeajin
705,,1298817,5,2009-06-24,zeajin
706,,1410556,,2009-06-23,zeajin
707,,3734350,5,2009-06-19,zeajin
708,,1297481,,2009-06-10,zeajin
709,,3006309,,2009-06-07,zeajin
710,,1298120,,2009-06-05,zeajin
711,,1300300,,2009-06-05,zeajin
712,,1308912,,2009-06-05,zeajin
713,,1781126,5,2009-05-17,zeajin
714,,1293182,5,2009-05-17,zeajin
715,,2132932,4,2009-05-16,zeajin
716,蒂尔达斯文顿 无法不爱,1309021,3,2009-05-11,zeajin
717,,1792928,4,2009-05-06,zeajin
718,,2354729,3,2009-04-27,zeajin
719,,3400593,,2009-04-13,zeajin
720,,1292328,,2009-04-01,zeajin
721,,2132941,4,2009-03-29,zeajin
722,,2209573,,2009-03-27,zeajin
723,,1306632,,2009-03-23,zeajin
724,,3226814,,2009-03-20,zeajin
725,,1308616,,2009-03-19,zeajin
726,,3426891,,2009-03-19,zeajin
727,,1291833,4,2009-03-18,zeajin
728,,1300992,5,2009-03-10,zeajin
729,"或许期待太多
没有觉得那么好",1292370,3,2009-02-24,zeajin
730,说实话 一点都没有美感 有点粗糙,1301042,,2009-02-23,zeajin
731,原来很不喜欢这个翻译 现在明白，还真是乱啊 很贴切 导演才气不足 灵气还是有一点的,2010975,3,2009-02-20,zeajin
732,,2393064,,2009-02-18,zeajin
733,,1994879,,2009-02-18,zeajin
734,,1292679,5,2009-02-16,zeajin
735,,1433232,,2009-02-16,zeajin
736,,3086857,,2009-02-11,zeajin
737,完全是因为生病在家无聊才看的,3344570,2,2009-02-11,zeajin
738,,3273898,,2009-02-04,zeajin
739,,3273895,,2009-02-04,zeajin
740,,3275421,,2009-02-04,zeajin
741,,3275416,,2009-02-04,zeajin
742,,3275425,,2009-02-04,zeajin
743,,1337286,4,2009-02-04,zeajin
744,,1294621,,2009-02-03,zeajin
745,,1293142,4,2009-02-01,zeajin
746,,1301912,4,2009-02-01,zeajin
747,电影最后的一句：没事儿……,1306939,,2009-02-01,zeajin
748,,1308130,4,2009-02-01,zeajin
749,黎小军 你来香港得目的 都唔系为我 我来香港得目的 也唔系为你……,1305164,5,2009-02-01,zeajin
750,李钊被误以为杀死师傅的凶手而被乱拳打死，有时候事情 不是我们看到得样子,3041806,5,2009-02-01,zeajin
751,,3286531,,2009-01-23,zeajin
752,,3286528,,2009-01-23,zeajin
753,,3286536,,2009-01-23,zeajin
754,,3286547,,2009-01-23,zeajin
755,,3286548,,2009-01-23,zeajin
756,,3286549,,2009-01-23,zeajin
757,,3286552,,2009-01-23,zeajin
758,,3286543,,2009-01-23,zeajin
759,,3286538,,2009-01-23,zeajin
760,干一行 爱一行,2124703,5,2009-01-23,zeajin
761,,2037012,5,2009-01-22,zeajin
762,,1309069,3,2009-01-07,zeajin
763,,1438041,3,2009-01-04,zeajin
764,,2124507,3,2009-01-04,zeajin
765,,1851857,,2009-01-04,zeajin
766,,1858876,,2008-12-25,zeajin
767,,1296623,,2008-12-25,zeajin
768,,1421809,,2008-12-25,zeajin
769,,1756584,5,2008-12-24,zeajin
770,,1963067,,2008-12-24,zeajin
771,,1470614,,2008-12-24,zeajin
772,,1470603,,2008-12-24,zeajin
773,,1302802,,2008-12-24,zeajin
774,,1470600,,2008-12-24,zeajin
775,,1470591,,2008-12-24,zeajin
776,,1470602,,2008-12-24,zeajin
777,,1469165,,2008-12-24,zeajin
778,,1470592,,2008-12-24,zeajin
779,,1299243,5,2008-12-24,zeajin
780,,1938587,5,2008-12-24,zeajin
781,,3111355,5,2008-12-24,zeajin
782,可怜的小孩~,3338821,5,2008-12-24,zeajin
783,,3313801,5,2008-12-24,zeajin
784,,2254648,5,2008-12-22,zeajin
785,,1300183,,2008-12-15,zeajin
786,,1293759,,2008-12-15,zeajin
787,,2373267,5,2008-12-12,zeajin
788,"徐克怎么沦落到这个程度

诺基亚 苹果 新浪网 惠普 佳能 这些我还算能忍等到连建外soho 万达电影院 俺们楼下健身房 福洗车都做了植入的时候 我就想拿矿泉水瓶子砸银幕了……",3230462,2,2008-12-12,zeajin
789,,1308855,3,2008-12-10,zeajin
790,,1295106,,2008-12-10,zeajin
791,,1293315,,2008-12-10,zeajin
792,,1295782,,2008-12-10,zeajin
793,,1296519,,2008-12-10,zeajin
794,,1299745,,2008-12-10,zeajin
795,,1293265,,2008-12-10,zeajin
796,,2136149,,2008-12-10,zeajin
797,,2154868,,2008-12-10,zeajin
798,,1308819,,2008-12-10,zeajin
799,,2277051,,2008-12-10,zeajin
800,,2274433,,2008-12-10,zeajin
801,就为了Auld Lang Syne 这首歌 就是无可争议的五星,2082013,5,2008-12-10,zeajin
802,,1418070,5,2008-12-10,zeajin
803,,2359431,4,2008-12-08,zeajin
804,,2131459,5,2008-12-08,zeajin
805,,1891179,,2008-12-08,zeajin
806,,1915403,,2008-12-05,zeajin
807,,1307371,,2008-12-04,zeajin
808,,1308927,,2008-12-04,zeajin
809,,1297517,,2008-12-04,zeajin
810,,1300265,,2008-12-04,zeajin
811,,2132120,,2008-12-03,zeajin
812,,1309084,,2008-12-03,zeajin
813,,1297151,,2008-12-03,zeajin
814,,1297970,,2008-12-03,zeajin
815,,1291583,,2008-12-03,zeajin
816,,1962823,,2008-12-03,zeajin
817,,1484760,,2008-12-03,zeajin
818,,1309220,,2008-12-03,zeajin
819,,2078864,,2008-12-03,zeajin
820,,1945336,,2008-12-03,zeajin
821,,1300069,,2008-12-03,zeajin
822,,1994876,4,2008-12-03,zeajin
823,,1309035,,2008-12-03,zeajin
824,,1482079,,2008-12-03,zeajin
825,,1891211,4,2008-12-03,zeajin
826,,3215640,5,2008-12-03,zeajin
827,,1873750,4,2008-12-01,zeajin
828,,2037833,5,2008-12-01,zeajin
829,没看下去,1760516,,2008-11-27,zeajin
830,,1427816,,2008-11-27,zeajin
831,,1395471,5,2008-11-25,zeajin
832,,1400673,,2008-11-14,zeajin
833,,1301578,,2008-11-13,zeajin
834,,1946882,5,2008-11-11,zeajin
835,,1300883,,2008-11-06,zeajin
836,,1306802,,2008-10-27,zeajin
837,,3158990,5,2008-10-24,zeajin
838,,1298874,,2008-10-14,zeajin
839,,1417576,5,2008-10-14,zeajin
840,,3230459,5,2008-10-10,zeajin
841,,3173528,5,2008-10-10,zeajin
842,,1866475,,2008-10-10,zeajin
843,,2976123,,2008-10-10,zeajin
844,,1997679,1,2008-10-10,zeajin
845,,2135981,,2008-10-10,zeajin
846,,1899616,,2008-09-30,zeajin
847,,2148836,3,2008-09-08,zeajin
848,,1939761,1,2008-09-08,zeajin
849,,3126196,4,2008-09-08,zeajin
850,,1301876,4,2008-08-12,zeajin
851,难忘的最后一瞥,1428069,4,2008-08-09,zeajin
852,,1401390,,2008-08-01,zeajin
853,,1864810,,2008-08-01,zeajin
854,,1815499,,2008-08-01,zeajin
855,,1472238,,2008-08-01,zeajin
856,,1498599,,2008-08-01,zeajin
857,,1849336,,2008-08-01,zeajin
858,,1431957,,2008-08-01,zeajin
859,,1498595,,2008-08-01,zeajin
860,,2969278,,2008-08-01,zeajin
861,,2939428,4,2008-07-21,zeajin
862,,2157150,4,2008-07-19,zeajin
863,第六季实在是经典,2153590,5,2008-07-16,zeajin
864,,2153592,5,2008-07-16,zeajin
865,,2153595,5,2008-07-16,zeajin
866,,2153598,5,2008-07-16,zeajin
867,,1790754,,2008-07-14,zeajin
868,,1465829,4,2008-07-14,zeajin
869,,1949312,4,2008-07-14,zeajin
870,,1295469,3,2008-07-13,zeajin
871,,2155676,4,2008-07-06,zeajin
872,,2153599,5,2008-07-06,zeajin
873,,1306541,4,2008-07-05,zeajin
874,,3003137,,2008-07-05,zeajin
875,,2282477,,2008-07-01,zeajin
876,,1783457,,2008-07-01,zeajin
877,,1945330,4,2008-06-30,zeajin
878,,1585146,4,2008-06-30,zeajin
879,,1887829,4,2008-06-29,zeajin
880,,1292444,5,2008-06-25,zeajin
881,,2259610,4,2008-06-24,zeajin
882,,1782006,4,2008-06-24,zeajin
883,,1498605,4,2008-06-23,zeajin
884,,1498594,4,2008-06-23,zeajin
885,,1849337,4,2008-06-23,zeajin
886,,2000689,4,2008-06-23,zeajin
887,,1883634,4,2008-06-23,zeajin
888,,1296698,4,2008-06-23,zeajin
889,,1304536,5,2008-06-23,zeajin
890,,1300608,4,2008-06-23,zeajin
891,,1845560,4,2008-06-23,zeajin
892,,1899601,4,2008-06-23,zeajin
893,,1304034,5,2008-06-22,zeajin
894,,1293607,,2008-06-21,zeajin
895,,2259830,4,2008-06-21,zeajin
896,,1401931,3,2008-06-21,zeajin
897,,1450031,5,2008-06-21,zeajin
898,最近看恐怖片看上瘾了,1294587,,2008-06-21,zeajin
899,,1864290,3,2008-06-21,zeajin
900,,1875320,2,2008-06-21,zeajin
901,,1397345,,2008-06-21,zeajin
902,,2295811,4,2008-06-16,zeajin
903,,1419297,5,2008-06-16,zeajin
904,,1998799,4,2008-06-15,zeajin
905,,1845597,5,2008-06-15,zeajin
906,,1297518,4,2008-06-15,zeajin
907,,2294273,,2008-06-13,zeajin
908,,2148681,,2008-06-13,zeajin
909,,2148680,,2008-06-13,zeajin
910,,2277412,,2008-06-13,zeajin
911,,2282468,,2008-06-13,zeajin
912,,2229596,,2008-06-13,zeajin
913,,1790861,,2008-06-13,zeajin
914,,3904560,,2008-06-13,zeajin
915,,2156641,,2008-06-13,zeajin
916,,2287262,,2008-06-13,zeajin
917,,2295773,,2008-06-13,zeajin
918,,2295825,,2008-06-13,zeajin
919,,1872374,,2008-06-13,zeajin
920,,2295788,,2008-06-13,zeajin
921,,2046853,,2008-06-13,zeajin
922,,2210047,,2008-06-13,zeajin
923,,1959789,,2008-06-13,zeajin
924,,2212270,,2008-06-13,zeajin
925,,2294267,,2008-06-13,zeajin
926,,2270545,3,2008-06-13,zeajin
927,,2229479,3,2008-06-13,zeajin
928,,2279816,3,2008-06-13,zeajin
929,,1831581,3,2008-06-13,zeajin
930,,2287864,3,2008-06-13,zeajin
931,,2357304,3,2008-06-13,zeajin
932,,2229576,3,2008-06-13,zeajin
933,,2311147,3,2008-06-13,zeajin
934,,2294255,3,2008-06-13,zeajin
935,,1960302,3,2008-06-13,zeajin
936,,2154862,3,2008-06-13,zeajin
937,,2157131,3,2008-06-13,zeajin
938,,2248761,4,2008-06-13,zeajin
939,,2248758,3,2008-06-13,zeajin
940,,2252733,4,2008-06-13,zeajin
941,,2248757,3,2008-06-13,zeajin
942,,2349361,4,2008-06-13,zeajin
943,,2190981,4,2008-06-13,zeajin
944,,2237980,3,2008-06-13,zeajin
945,,2225011,3,2008-06-13,zeajin
946,,2210241,4,2008-06-13,zeajin
947,,2248707,4,2008-06-13,zeajin
948,,2181930,4,2008-06-13,zeajin
949,,1786735,3,2008-06-13,zeajin
950,,1298603,4,2008-06-12,zeajin
951,,1301865,3,2008-06-12,zeajin
952,,1297068,4,2008-06-12,zeajin
953,,1302977,4,2008-06-12,zeajin
954,,1303674,3,2008-06-12,zeajin
955,,1308232,4,2008-06-12,zeajin
956,,2303292,4,2008-06-12,zeajin
957,,2311206,4,2008-06-12,zeajin
958,,3041504,4,2008-06-12,zeajin
959,,2270536,5,2008-06-12,zeajin
960,,2228525,2,2008-06-12,zeajin
961,,2221708,4,2008-06-12,zeajin
962,,2248526,4,2008-06-12,zeajin
963,,2153480,4,2008-06-12,zeajin
964,,2190914,4,2008-06-12,zeajin
965,,2157130,3,2008-06-12,zeajin
966,,2279817,4,2008-06-12,zeajin
967,,2244363,4,2008-06-12,zeajin
968,,2279825,4,2008-06-12,zeajin
969,,2246583,4,2008-06-12,zeajin
970,,3060465,4,2008-06-12,zeajin
971,,2190921,4,2008-06-12,zeajin
972,,2190919,4,2008-06-12,zeajin
973,,2190918,4,2008-06-12,zeajin
974,,2170936,3,2008-06-12,zeajin
975,,2216948,4,2008-06-12,zeajin
976,,2371862,4,2008-06-12,zeajin
977,,3065586,4,2008-06-12,zeajin
978,,3024161,4,2008-06-12,zeajin
979,,3003419,4,2008-06-12,zeajin
980,,2990292,4,2008-06-12,zeajin
981,,2367860,3,2008-06-12,zeajin
982,,2272462,3,2008-06-12,zeajin
983,,2002924,4,2008-06-12,zeajin
984,,1863923,4,2008-06-12,zeajin
985,,2154743,4,2008-06-12,zeajin
986,,2154390,4,2008-06-12,zeajin
987,,2264216,3,2008-06-12,zeajin
988,,2212651,4,2008-06-12,zeajin
989,,2144485,3,2008-06-12,zeajin
990,,2155359,4,2008-06-12,zeajin
991,,2210236,4,2008-06-12,zeajin
992,,2287261,4,2008-06-12,zeajin
993,,2210071,3,2008-06-12,zeajin
994,,2213657,3,2008-06-12,zeajin
995,,2229506,3,2008-06-12,zeajin
996,,2229534,4,2008-06-12,zeajin
997,,2229571,4,2008-06-12,zeajin
998,,3329893,4,2008-06-12,zeajin
999,,2157226,4,2008-06-12,zeajin
1000,,1878605,5,2008-06-12,zeajin
1001,,1906453,4,2008-06-12,zeajin
1002,,2157191,5,2008-06-12,zeajin
1003,,1830581,4,2008-06-12,zeajin
1004,,2190926,4,2008-06-12,zeajin
1005,,2224160,4,2008-06-12,zeajin
1006,,2224146,3,2008-06-12,zeajin
1007,,1951081,3,2008-06-12,zeajin
1008,,2224199,3,2008-06-12,zeajin
1009,,2282511,3,2008-06-12,zeajin
1010,,2190934,3,2008-06-12,zeajin
1011,,2190963,3,2008-06-12,zeajin
1012,,2190935,4,2008-06-12,zeajin
1013,,2286012,4,2008-06-12,zeajin
1014,,2190925,4,2008-06-12,zeajin
1015,,2239286,4,2008-06-12,zeajin
1016,,2153527,5,2008-06-12,zeajin
1017,,1291582,,2008-06-12,zeajin
1018,,1474045,4,2008-06-12,zeajin
1019,,1920730,4,2008-06-12,zeajin
1020,,1294362,,2008-06-12,zeajin
1021,,1297785,,2008-06-12,zeajin
1022,,1293764,,2008-06-12,zeajin
1023,,1307697,,2008-06-11,zeajin
1024,,1296223,5,2008-06-11,zeajin
1025,,1299362,4,2008-06-11,zeajin
1026,,1876781,4,2008-06-11,zeajin
1027,,1301757,4,2008-06-10,zeajin
1028,,2085721,5,2008-06-10,zeajin
1029,,1585236,5,2008-06-10,zeajin
1030,,1474185,4,2008-06-10,zeajin
1031,,1305355,5,2008-06-08,zeajin
1032,,1298644,5,2008-06-08,zeajin
1033,,1870044,,2008-06-07,zeajin
1034,,2077469,,2008-06-07,zeajin
1035,,1304641,3,2008-06-06,zeajin
1036,,1300220,5,2008-06-06,zeajin
1037,,1431949,4,2008-06-06,zeajin
1038,,1441863,4,2008-06-06,zeajin
1039,,1431688,4,2008-06-06,zeajin
1040,,1431948,4,2008-06-06,zeajin
1041,,1431712,4,2008-06-06,zeajin
1042,,1431952,4,2008-06-06,zeajin
1043,,1431721,4,2008-06-06,zeajin
1044,,1431956,5,2008-06-06,zeajin
1045,,1307315,3,2008-06-05,zeajin
1046,,1428581,4,2008-06-05,zeajin
1047,,1418019,4,2008-06-05,zeajin
1048,,1428578,4,2008-06-05,zeajin
1049,,1431947,4,2008-06-05,zeajin
1050,,3335371,4,2008-06-05,zeajin
1051,,1431719,4,2008-06-05,zeajin
1052,,1431699,4,2008-06-05,zeajin
1053,,1428577,4,2008-06-05,zeajin
1054,,1431946,4,2008-06-05,zeajin
1055,,1431716,4,2008-06-05,zeajin
1056,,1431714,4,2008-06-05,zeajin
1057,,1428580,4,2008-06-05,zeajin
1058,,1431960,4,2008-06-05,zeajin
1059,,1431713,4,2008-06-05,zeajin
1060,,1431945,4,2008-06-05,zeajin
1061,,1431951,4,2008-06-05,zeajin
1062,,1300505,3,2008-06-05,zeajin
1063,,1431685,3,2008-06-05,zeajin
1064,,1431718,4,2008-06-05,zeajin
1065,,1498604,3,2008-06-05,zeajin
1066,,1439831,4,2008-06-05,zeajin
1067,,1845625,3,2008-06-05,zeajin
1068,,1837856,5,2008-06-05,zeajin
1069,,1294766,4,2008-06-05,zeajin
1070,,1438759,3,2008-06-05,zeajin
1071,,1464837,4,2008-06-05,zeajin
1072,,1436674,5,2008-06-05,zeajin
1073,,1465790,3,2008-06-05,zeajin
1074,,1464838,4,2008-06-05,zeajin
1075,,1421734,4,2008-06-05,zeajin
1076,,1438760,5,2008-06-05,zeajin
1077,,1465668,3,2008-06-05,zeajin
1078,,1465086,3,2008-06-05,zeajin
1079,,1465087,3,2008-06-05,zeajin
1080,,1825679,4,2008-06-05,zeajin
1081,,1303917,4,2008-06-05,zeajin
1082,,1308379,4,2008-06-05,zeajin
1083,,1309074,2,2008-06-05,zeajin
1084,,1306998,4,2008-06-05,zeajin
1085,,1299711,2,2008-06-05,zeajin
1086,,1297003,2,2008-06-05,zeajin
1087,,1457319,1,2008-06-05,zeajin
1088,,1291575,3,2008-05-30,zeajin
1089,,1762813,3,2008-05-27,zeajin
1090,,1790376,3,2008-05-27,zeajin
1091,,1786755,4,2008-05-27,zeajin
1092,,1870436,5,2008-05-26,zeajin
1093,,1296528,,2008-05-18,zeajin
1094,,1428576,4,2008-05-18,zeajin
1095,,1293530,4,2008-05-07,zeajin
1096,,1432146,5,2008-05-04,zeajin
1097,,1939414,3,2008-05-02,zeajin
1098,,1307906,3,2008-04-28,zeajin
1099,,1307106,4,2008-04-28,zeajin
1100,,1304102,4,2008-04-28,zeajin
1101,,1293566,5,2008-04-28,zeajin
1102,,1306029,,2008-04-28,zeajin
1103,,1889299,4,2008-04-20,zeajin
1104,,1427319,3,2008-04-20,zeajin
1105,,1787818,3,2008-04-14,zeajin
1106,,1304608,,2008-04-14,zeajin
1107,,2056693,,2008-04-14,zeajin
1108,,1857099,,2008-04-12,zeajin
1109,,1299383,3,2008-04-12,zeajin
1110,,1308750,,2008-04-12,zeajin
1111,,1437339,,2008-04-11,zeajin
1112,,3036997,5,2008-04-11,zeajin
1113,,1464618,3,2008-03-31,zeajin
1114,,1309050,,2008-03-28,zeajin
1115,,1478066,4,2008-03-28,zeajin
1116,,1917171,4,2008-03-28,zeajin
1117,,1295064,3,2008-03-28,zeajin
1118,,1296978,3,2008-03-28,zeajin
1119,,1300303,3,2008-03-28,zeajin
1120,,1292624,3,2008-03-28,zeajin
1121,,1293258,3,2008-03-28,zeajin
1122,,1307657,3,2008-03-28,zeajin
1123,,1293173,3,2008-03-28,zeajin
1124,,1300656,4,2008-03-24,zeajin
1125,,1329936,4,2008-03-24,zeajin
1126,,1949761,4,2008-03-22,zeajin
1127,,1291999,4,2008-03-21,zeajin
1128,,1307023,4,2008-03-20,zeajin
1129,,1304677,4,2008-03-20,zeajin
1130,,1307323,4,2008-03-20,zeajin
1131,,1296201,4,2008-03-20,zeajin
1132,,1300498,4,2008-03-20,zeajin
1133,,1302090,3,2008-03-20,zeajin
1134,,1607471,3,2008-03-20,zeajin
1135,,1389937,3,2008-03-18,zeajin
1136,,1761707,3,2008-03-18,zeajin
1137,,1293351,4,2008-03-18,zeajin
1138,,1790373,3,2008-03-18,zeajin
1139,,1295865,5,2008-03-18,zeajin
1140,,1790377,3,2008-03-17,zeajin
1141,,1781621,4,2008-03-17,zeajin
1142,,1295229,,2008-03-16,zeajin
1143,,1306610,3,2008-03-16,zeajin
1144,,1907464,4,2008-03-16,zeajin
1145,,1766086,4,2008-03-16,zeajin
1146,,1298443,,2008-03-16,zeajin
1147,,1305201,3,2008-03-16,zeajin
1148,,1297763,3,2008-03-16,zeajin
1149,,1295485,3,2008-03-16,zeajin
1150,,1299059,3,2008-03-16,zeajin
1151,,1294114,3,2008-03-16,zeajin
1152,,1295746,3,2008-03-16,zeajin
1153,,1306123,3,2008-03-16,zeajin
1154,,1309211,4,2008-03-16,zeajin
1155,,1299250,3,2008-03-16,zeajin
1156,,1309172,,2008-03-16,zeajin
1157,,1308575,,2008-03-15,zeajin
1158,,1292973,4,2008-03-15,zeajin
1159,,2346881,,2008-03-15,zeajin
1160,,1305065,,2008-03-15,zeajin
1161,,1298070,,2008-03-15,zeajin
1162,,1798094,5,2008-03-15,zeajin
1163,,1300537,3,2008-03-13,zeajin
1164,,1292697,3,2008-03-13,zeajin
1165,,1295253,3,2008-03-13,zeajin
1166,,1296011,3,2008-03-13,zeajin
1167,,1434323,5,2008-03-13,zeajin
1168,,1292704,3,2008-03-13,zeajin
1169,,1293475,3,2008-03-13,zeajin
1170,,1394324,4,2008-03-13,zeajin
1171,,1294417,3,2008-03-13,zeajin
1172,,1298040,4,2008-03-13,zeajin
1173,,1394520,4,2008-03-13,zeajin
1174,,1305713,3,2008-03-13,zeajin
1175,,1306319,3,2008-03-13,zeajin
1176,,1299035,3,2008-03-13,zeajin
1177,,1307849,3,2008-03-13,zeajin
1178,,1298346,3,2008-03-13,zeajin
1179,,1308827,4,2008-03-13,zeajin
1180,,1308482,4,2008-03-13,zeajin
1181,,1294927,4,2008-03-13,zeajin
1182,,1308655,4,2008-03-13,zeajin
1183,,1308111,3,2008-03-13,zeajin
1184,,1303203,3,2008-03-13,zeajin
1185,,1796939,4,2008-03-13,zeajin
1186,,1768351,4,2008-03-13,zeajin
1187,,2971742,,2008-03-11,zeajin
1188,,1301173,3,2008-03-11,zeajin
1189,,1298909,4,2008-03-10,zeajin
1190,,1293867,4,2008-03-10,zeajin
1191,,3002819,3,2008-03-10,zeajin
1192,,1297863,4,2008-03-10,zeajin
1193,,1291579,,2008-03-09,zeajin
1194,,1309201,4,2008-03-09,zeajin
1195,,2038365,,2008-03-02,zeajin
1196,,1293350,5,2008-03-02,zeajin
1197,,1291832,,2008-03-02,zeajin
1198,,1323749,,2008-03-01,zeajin
1199,,1291586,,2008-02-29,zeajin
1200,,1764730,4,2008-02-29,zeajin
1201,,1761848,3,2008-02-28,zeajin
1202,,1296196,5,2008-02-28,zeajin
1203,,1431683,3,2008-02-26,zeajin
1204,,1465037,4,2008-02-26,zeajin
1205,,1781636,4,2008-02-26,zeajin
1206,,1301167,,2008-02-25,zeajin
1207,,1293135,,2008-02-25,zeajin
1208,,1305071,4,2008-02-25,zeajin
1209,,1418677,5,2008-02-25,zeajin
1210,,1309135,5,2008-02-25,zeajin
1211,,1309103,3,2008-02-25,zeajin
1212,,1300566,3,2008-02-25,zeajin
1213,,1400868,3,2008-02-25,zeajin
1214,,1461985,4,2008-02-24,zeajin
1215,,1950148,5,2008-02-23,zeajin
1216,,2132495,,2008-02-20,zeajin
1217,,1760027,,2008-02-19,zeajin
1218,,1293755,,2008-02-17,zeajin
1219,,1292064,,2008-02-17,zeajin
1220,,3420455,3,2008-02-17,zeajin
1221,,1961963,3,2008-02-17,zeajin
1222,,1305735,3,2008-02-15,zeajin
1223,,1307181,5,2008-02-15,zeajin
1224,,1307527,4,2008-02-14,zeajin
1225,,1422920,4,2008-02-14,zeajin
1226,,1309136,5,2008-02-14,zeajin
1227,,1950525,4,2008-02-12,zeajin
1228,很一般的片子 ,1727557,4,2008-02-12,zeajin
1229,,1303173,,2008-02-05,zeajin
1230,,1294007,,2008-02-05,zeajin
1231,,1294963,,2008-02-05,zeajin
1232,,1305182,,2008-02-05,zeajin
1233,,1299643,,2008-02-05,zeajin
1234,,1499008,,2008-02-05,zeajin
1235,,1305034,,2008-02-05,zeajin
1236,,1305703,,2008-02-05,zeajin
1237,,1464540,,2008-02-05,zeajin
1238,,3033864,,2008-02-05,zeajin
1239,,1461964,,2008-02-05,zeajin
1240,,1293172,,2008-02-05,zeajin
1241,,1390020,,2008-02-05,zeajin
1242,,1390021,4,2008-02-05,zeajin
1243,,1417753,,2008-02-05,zeajin
1244,,1482394,,2008-02-05,zeajin
1245,,1329562,,2008-02-05,zeajin
1246,,1477894,,2008-02-05,zeajin
1247,,1938312,,2008-02-05,zeajin
1248,,1428242,,2008-02-05,zeajin
1249,,1291869,,2008-02-05,zeajin
1250,,2132220,,2008-02-05,zeajin
1251,,2148619,,2008-02-05,zeajin
1252,,1309042,,2008-02-05,zeajin
1253,,1308776,,2008-02-05,zeajin
1254,,1304826,,2008-02-05,zeajin
1255,,1297304,,2008-02-05,zeajin
1256,,1440283,,2008-02-05,zeajin
1257,,1304560,,2008-02-05,zeajin
1258,,1307043,,2008-02-05,zeajin
1259,,1308745,,2008-02-05,zeajin
1260,,1432972,,2008-02-05,zeajin
1261,,1329962,,2008-02-05,zeajin
1262,,1305265,,2008-02-05,zeajin
1263,,1297291,,2008-02-05,zeajin
1264,,1298898,,2008-02-05,zeajin
1265,,1438689,,2008-02-05,zeajin
1266,,1307694,,2008-02-05,zeajin
1267,,1393479,,2008-02-05,zeajin
1268,,1306160,,2008-02-05,zeajin
1269,,1400665,,2008-02-05,zeajin
1270,,1766789,,2008-01-30,zeajin
1271,,1465792,,2008-01-30,zeajin
1272,,1453575,,2008-01-30,zeajin
1273,,1851906,,2008-01-29,zeajin
1274,,1293050,,2008-01-27,zeajin
1275,,1292344,4,2008-01-26,zeajin
1276,,1292062,4,2008-01-26,zeajin
1277,,1309049,5,2008-01-26,zeajin
1278,,1295292,3,2008-01-26,zeajin
1279,,1295242,4,2008-01-26,zeajin
1280,,1950198,2,2008-01-26,zeajin
1281,,1295250,4,2008-01-26,zeajin
1282,,1292484,2,2008-01-26,zeajin
1283,,1298586,4,2008-01-26,zeajin
1284,,1291844,4,2008-01-26,zeajin
1285,,1305724,4,2008-01-26,zeajin
1286,,1298525,4,2008-01-26,zeajin
1287,,1292849,4,2008-01-26,zeajin
1288,,1401524,5,2008-01-26,zeajin
1289,,1292454,4,2008-01-26,zeajin
1290,,1291544,4,2008-01-26,zeajin
1291,,1296996,4,2008-01-26,zeajin
1292,,1304141,2,2008-01-26,zeajin
1293,,1309055,4,2008-01-26,zeajin
1294,,1457217,4,2008-01-26,zeajin
1295,,1291571,5,2008-01-26,zeajin
1296,,1295038,4,2008-01-26,zeajin
1297,,1418189,4,2008-01-26,zeajin
1298,,1291572,5,2008-01-26,zeajin
1299,,1308570,3,2008-01-26,zeajin
1300,,1291552,5,2008-01-26,zeajin
1301,,1306612,4,2008-01-26,zeajin
1302,,1820156,,2008-01-26,zeajin
1303,,1294950,4,2008-01-26,zeajin
1304,,1849003,4,2008-01-26,zeajin
1305,,1308764,4,2008-01-26,zeajin
1306,,2045259,3,2008-01-26,zeajin
1307,,1292215,5,2008-01-26,zeajin
1308,,1299662,4,2008-01-26,zeajin
1309,,1293555,4,2008-01-26,zeajin
1310,,1298128,5,2008-01-26,zeajin
1311,喜欢的不能再喜欢,1477448,5,2008-01-26,zeajin
1312,,1300108,4,2008-01-26,zeajin
1313,,1307819,2,2008-01-26,zeajin
1314,,1433736,4,2008-01-26,zeajin
1315,,1296463,4,2008-01-26,zeajin
1316,"当时我们太年轻 在北大图书馆看这部电影，之后和身边人抱怨 最后她应该有HAPPY ENDING的啊 什么电影 一点都不好
可最近回想起来 就像非诚勿扰里面有点突兀的公路哭泣一样 说不出 但是能懂",1309016,4,2008-01-26,zeajin
1317,,1291849,4,2008-01-26,zeajin
1318,,1291549,5,2008-01-26,zeajin
1319,,1298653,4,2008-01-26,zeajin
1320,,1297574,5,2008-01-26,zeajin
1321,,1292656,5,2008-01-26,zeajin
1322,,2326676,,2008-01-25,zeajin
1323,,1308817,,2008-01-25,zeajin
1324,,2300586,,2008-01-24,zeajin
1325,,1304585,4,2008-01-16,zeajin
1326,,1293825,5,2008-01-16,zeajin
1327,,1295965,5,2008-01-16,zeajin
1328,,2080133,5,2008-01-14,zeajin
1329,,1316505,5,2008-01-11,zeajin
1330,,1401535,4,2008-01-09,zeajin
1331,,1578507,4,2008-01-09,zeajin
1332,,1966464,,2007-12-21,zeajin
1333,,2343491,,2007-12-21,zeajin
1334,,1947089,,2007-12-19,zeajin
1335,,1828115,,2007-11-14,zeajin
1336,,1301168,,2007-11-12,zeajin
1337,,2154859,,2007-11-12,zeajin
1338,,1498818,,2007-11-12,zeajin
1339,,1299131,,2007-11-12,zeajin
1340,,1293839,,2007-11-12,zeajin
1341,,1767042,,2007-11-12,zeajin
1342,,1878360,,2007-11-12,zeajin
1343,,1793491,5,2007-10-31,zeajin
1344,,2138507,3,2007-10-15,zeajin
1345,,1291841,,2007-09-28,zeajin
1346,,1291584,,2007-09-28,zeajin
1347,,1291580,5,2007-09-28,zeajin
1348,,1293531,,2007-09-28,zeajin
1349,,1295280,,2007-09-28,zeajin
1350,,1301445,,2007-09-28,zeajin
1351,,1308779,,2007-09-28,zeajin
1352,,1295086,,2007-09-28,zeajin
1353,,1299769,,2007-09-28,zeajin
1354,,1298744,,2007-09-28,zeajin
1355,,1308751,,2007-09-28,zeajin
1356,,1292223,,2007-09-28,zeajin
1357,,1292000,,2007-09-28,zeajin
1358,,1292402,,2007-09-28,zeajin
1359,,1302476,,2007-09-20,zeajin
1360,,1865943,,2007-09-20,zeajin
1361,,1308858,,2007-09-20,zeajin
1362,,1782004,,2007-09-20,zeajin
1363,,1421823,,2007-09-15,zeajin
1364,,1293124,,2007-09-04,zeajin
1365,,1291562,,2007-08-25,zeajin
1366,,1478926,,2007-08-25,zeajin
1367,,1853160,,2007-08-25,zeajin
1368,,1300038,,2007-08-25,zeajin
1369,,1401533,,2007-08-25,zeajin
1370,,1395458,,2007-08-25,zeajin
1371,,1578509,,2007-08-25,zeajin
1372,,1303913,,2007-08-25,zeajin
1373,,1306048,,2007-08-25,zeajin
1374,,1301162,,2007-08-25,zeajin
1375,,1417868,,2007-08-25,zeajin
1376,,1777612,,2007-08-25,zeajin
1377,,1469441,,2007-08-25,zeajin
1378,,1962230,,2007-08-25,zeajin
1379,,2138382,,2007-08-25,zeajin
1380,,1863941,,2007-08-25,zeajin
1381,,1863947,,2007-08-25,zeajin
1382,,1786739,,2007-08-25,zeajin
1383,,1786742,,2007-08-25,zeajin
1384,,1830528,,2007-08-25,zeajin
1385,,1478186,,2007-08-25,zeajin
1386,,1830590,,2007-08-25,zeajin
1387,,1830575,,2007-08-25,zeajin
1388,,1786743,,2007-08-25,zeajin
1389,,1786740,,2007-08-25,zeajin
1390,,3901388,,2007-08-25,zeajin
1391,,1860377,,2007-08-25,zeajin
1392,,1883755,,2007-08-25,zeajin
1393,,1817169,,2007-08-25,zeajin
1394,,2157295,,2007-08-25,zeajin
1395,,1760104,,2007-08-25,zeajin
1396,,1303485,,2007-08-25,zeajin
1397,,1296535,,2007-08-25,zeajin
1398,,2978224,,2007-08-25,zeajin
1399,,1307775,,2007-08-25,zeajin
1400,,1292682,,2007-08-25,zeajin
1401,,2155265,,2007-08-25,zeajin
1402,,2156704,,2007-08-25,zeajin
1403,,1860528,,2007-08-25,zeajin
1404,,2156663,,2007-08-25,zeajin
1405,,1295644,,2007-08-25,zeajin
1406,,1468155,,2007-08-25,zeajin
1407,,1455979,,2007-08-25,zeajin
1408,,1291828,,2007-08-25,zeajin
1409,,1291546,,2007-08-25,zeajin
1410,,1299288,,2007-08-25,zeajin
1411,,1293544,,2007-08-25,zeajin
1412,,1890784,,2007-08-25,zeajin
1413,,1859036,,2007-08-25,zeajin
1414,,1291868,,2007-08-25,zeajin
1415,,1291557,,2007-08-25,zeajin
1416,,1292720,5,2007-08-25,zeajin
1417,,1862151,,2007-08-25,zeajin
1418,,1307914,,2007-08-25,zeajin
1419,,1292722,,2007-08-25,zeajin
1420,,1291550,,2007-08-25,zeajin
1421,,1295124,,2007-08-25,zeajin
1422,,1303394,,2007-08-25,zeajin
1423,,1292287,,2007-08-25,zeajin
1424,,1294639,,2007-08-25,zeajin
1425,,1294408,,2007-08-25,zeajin
1426,,1297447,,2007-08-25,zeajin
1427,,1309043,,2007-08-25,zeajin
1428,,1301753,4,2007-08-25,zeajin
1429,,1293203,,2007-08-25,zeajin
1430,,1307956,,2007-08-25,zeajin
1431,,1436870,,2007-08-25,zeajin
1432,,1302303,,2007-08-25,zeajin
1433,,1297995,,2007-08-25,zeajin
1434,,1309052,,2007-08-25,zeajin
1435,,1291577,,2007-08-25,zeajin
1436,,1309199,,2007-08-25,zeajin
1437,,1293088,4,2007-08-25,zeajin
1438,,1295409,,2007-08-25,zeajin
1439,,1291578,,2007-08-25,zeajin
1440,,1437342,,2007-08-25,zeajin
1441,,1927686,,2007-08-25,zeajin
1442,,1308722,,2007-08-25,zeajin
1443,,1308799,,2007-08-25,zeajin
1444,,1292371,,2007-08-25,zeajin
1445,,1794171,,2007-08-25,zeajin
1446,,1302678,,2007-08-25,zeajin
1447,,1299680,,2007-08-25,zeajin
1448,,1297223,,2007-08-25,zeajin
1449,,1299398,,2007-08-25,zeajin
1450,,1308860,,2007-08-25,zeajin
1451,,1302271,,2007-08-25,zeajin
1452,,1294262,,2007-08-25,zeajin
1453,,1297570,,2007-08-25,zeajin
1454,,1292829,,2007-08-25,zeajin
1455,,1291581,,2007-08-25,zeajin
1456,,1305279,,2007-08-25,zeajin
1457,,1299981,,2007-08-25,zeajin
1458,,1295428,,2007-08-25,zeajin
1459,,1316510,,2007-08-25,zeajin
1460,,1306951,,2007-08-25,zeajin
1461,,1297747,,2007-08-25,zeajin
1462,,1307739,,2007-08-25,zeajin
1463,,1291543,,2007-08-25,zeajin
1464,,1292213,,2007-08-25,zeajin
1465,,1302425,,2007-08-25,zeajin
1466,,1306249,,2007-08-25,zeajin
1467,,1310170,,2007-08-25,zeajin
1468,,1412579,,2007-08-25,zeajin
1469,,1308804,,2007-08-25,zeajin
1470,,1304073,,2007-08-25,zeajin
1471,,1306471,,2007-08-25,zeajin
1472,,1300186,,2007-08-25,zeajin
1473,,1292286,,2007-08-25,zeajin
1474,,1763134,,2007-08-25,zeajin
1475,,1829626,,2007-08-25,zeajin
1476,,1298038,5,2007-08-25,zeajin
1477,,1292212,,2007-08-25,zeajin
1478,,1433990,,2007-04-20,zeajin
1479,,1760622,,2007-04-19,zeajin
1480,,1304854,5,2007-04-16,zeajin
1481,,1849031,,2007-03-26,zeajin
1482,,1292052,,2007-03-11,zeajin
1483,,1292219,,2007-03-11,zeajin
1484,,1482072,,2007-02-06,zeajin
1485,,1484091,,2007-02-06,zeajin
1486,,1301948,5,2007-02-05,zeajin
